{
 "cells": [
  {
   "cell_type": "markdown",
   "metadata": {},
   "source": [
    "REview:\n",
    "- https://github.com/EpistasisLab/pmlb\n",
    "- https://epistasislab.github.io/pmlb/profile/207_autoPrice.html\n",
    "- https://seaborn.pydata.org/examples/structured_heatmap.html"
   ]
  },
  {
   "cell_type": "markdown",
   "metadata": {},
   "source": [
    "## can i take my predictions and add them to the df to be trained again?"
   ]
  },
  {
   "cell_type": "code",
   "execution_count": 35,
   "metadata": {},
   "outputs": [],
   "source": [
    "import pandas as pd\n",
    "import numpy as np\n",
    "from sklearn.model_selection import train_test_split\n",
    "from sklearn.metrics import mean_squared_error\n",
    "from sklearn.metrics import r2_score\n",
    "from sklearn.metrics import mean_absolute_error\n",
    "from sklearn.metrics import mean_absolute_percentage_error\n",
    "\n",
    "from sklearn.ensemble import RandomForestRegressor\n",
    "from sklearn.datasets import make_regression"
   ]
  },
  {
   "cell_type": "code",
   "execution_count": 36,
   "metadata": {},
   "outputs": [],
   "source": [
    "df = pd.read_csv('wc-wo-outliers.csv')"
   ]
  },
  {
   "cell_type": "code",
   "execution_count": 37,
   "metadata": {},
   "outputs": [
    {
     "data": {
      "text/html": [
       "<div>\n",
       "<style scoped>\n",
       "    .dataframe tbody tr th:only-of-type {\n",
       "        vertical-align: middle;\n",
       "    }\n",
       "\n",
       "    .dataframe tbody tr th {\n",
       "        vertical-align: top;\n",
       "    }\n",
       "\n",
       "    .dataframe thead th {\n",
       "        text-align: right;\n",
       "    }\n",
       "</style>\n",
       "<table border=\"1\" class=\"dataframe\">\n",
       "  <thead>\n",
       "    <tr style=\"text-align: right;\">\n",
       "      <th></th>\n",
       "      <th>goals_z</th>\n",
       "      <th>xg_z</th>\n",
       "      <th>crosses_z</th>\n",
       "      <th>boxtouches_z</th>\n",
       "      <th>passes_z</th>\n",
       "      <th>progpasses_z</th>\n",
       "      <th>takeons_z</th>\n",
       "      <th>progruns_z</th>\n",
       "      <th>tackles_z</th>\n",
       "      <th>interceptions_z</th>\n",
       "      <th>clearances_z</th>\n",
       "      <th>blocks_z</th>\n",
       "      <th>aerials_z</th>\n",
       "      <th>fouls_z</th>\n",
       "      <th>fouled_z</th>\n",
       "      <th>nsxg_z</th>\n",
       "      <th>results</th>\n",
       "    </tr>\n",
       "  </thead>\n",
       "  <tbody>\n",
       "    <tr>\n",
       "      <th>0</th>\n",
       "      <td>0.423077</td>\n",
       "      <td>0.146923</td>\n",
       "      <td>-0.136154</td>\n",
       "      <td>-0.030000</td>\n",
       "      <td>0.429231</td>\n",
       "      <td>0.037692</td>\n",
       "      <td>0.244615</td>\n",
       "      <td>-0.220000</td>\n",
       "      <td>0.216154</td>\n",
       "      <td>0.270000</td>\n",
       "      <td>-0.076923</td>\n",
       "      <td>-0.097692</td>\n",
       "      <td>-0.020000</td>\n",
       "      <td>-0.224615</td>\n",
       "      <td>0.100769</td>\n",
       "      <td>-0.124615</td>\n",
       "      <td>2</td>\n",
       "    </tr>\n",
       "    <tr>\n",
       "      <th>1</th>\n",
       "      <td>0.245385</td>\n",
       "      <td>0.097692</td>\n",
       "      <td>0.549231</td>\n",
       "      <td>0.490000</td>\n",
       "      <td>0.090769</td>\n",
       "      <td>0.071538</td>\n",
       "      <td>-0.473077</td>\n",
       "      <td>-0.150769</td>\n",
       "      <td>0.096923</td>\n",
       "      <td>0.277692</td>\n",
       "      <td>-0.153077</td>\n",
       "      <td>-0.212308</td>\n",
       "      <td>0.033846</td>\n",
       "      <td>-0.145385</td>\n",
       "      <td>-0.036154</td>\n",
       "      <td>0.487692</td>\n",
       "      <td>7</td>\n",
       "    </tr>\n",
       "    <tr>\n",
       "      <th>2</th>\n",
       "      <td>0.337692</td>\n",
       "      <td>0.270000</td>\n",
       "      <td>0.292308</td>\n",
       "      <td>0.281538</td>\n",
       "      <td>0.065385</td>\n",
       "      <td>-0.142308</td>\n",
       "      <td>-0.076923</td>\n",
       "      <td>0.430000</td>\n",
       "      <td>0.688462</td>\n",
       "      <td>0.002308</td>\n",
       "      <td>0.020769</td>\n",
       "      <td>0.165385</td>\n",
       "      <td>-0.075385</td>\n",
       "      <td>0.193077</td>\n",
       "      <td>0.087692</td>\n",
       "      <td>0.393846</td>\n",
       "      <td>5</td>\n",
       "    </tr>\n",
       "    <tr>\n",
       "      <th>3</th>\n",
       "      <td>0.673077</td>\n",
       "      <td>0.642308</td>\n",
       "      <td>0.502308</td>\n",
       "      <td>0.277692</td>\n",
       "      <td>0.310000</td>\n",
       "      <td>0.146923</td>\n",
       "      <td>0.153077</td>\n",
       "      <td>0.081538</td>\n",
       "      <td>0.814615</td>\n",
       "      <td>0.464615</td>\n",
       "      <td>-0.150769</td>\n",
       "      <td>-0.007692</td>\n",
       "      <td>-0.060769</td>\n",
       "      <td>-0.220000</td>\n",
       "      <td>0.006154</td>\n",
       "      <td>0.387692</td>\n",
       "      <td>1</td>\n",
       "    </tr>\n",
       "    <tr>\n",
       "      <th>4</th>\n",
       "      <td>0.114615</td>\n",
       "      <td>0.155385</td>\n",
       "      <td>0.271538</td>\n",
       "      <td>0.330769</td>\n",
       "      <td>-0.015385</td>\n",
       "      <td>0.028462</td>\n",
       "      <td>0.128462</td>\n",
       "      <td>0.109231</td>\n",
       "      <td>0.130769</td>\n",
       "      <td>0.056923</td>\n",
       "      <td>-0.232308</td>\n",
       "      <td>-0.146923</td>\n",
       "      <td>-0.023077</td>\n",
       "      <td>0.078462</td>\n",
       "      <td>0.532308</td>\n",
       "      <td>0.140769</td>\n",
       "      <td>2</td>\n",
       "    </tr>\n",
       "  </tbody>\n",
       "</table>\n",
       "</div>"
      ],
      "text/plain": [
       "    goals_z      xg_z  crosses_z  boxtouches_z  passes_z  progpasses_z  \\\n",
       "0  0.423077  0.146923  -0.136154     -0.030000  0.429231      0.037692   \n",
       "1  0.245385  0.097692   0.549231      0.490000  0.090769      0.071538   \n",
       "2  0.337692  0.270000   0.292308      0.281538  0.065385     -0.142308   \n",
       "3  0.673077  0.642308   0.502308      0.277692  0.310000      0.146923   \n",
       "4  0.114615  0.155385   0.271538      0.330769 -0.015385      0.028462   \n",
       "\n",
       "   takeons_z  progruns_z  tackles_z  interceptions_z  clearances_z  blocks_z  \\\n",
       "0   0.244615   -0.220000   0.216154         0.270000     -0.076923 -0.097692   \n",
       "1  -0.473077   -0.150769   0.096923         0.277692     -0.153077 -0.212308   \n",
       "2  -0.076923    0.430000   0.688462         0.002308      0.020769  0.165385   \n",
       "3   0.153077    0.081538   0.814615         0.464615     -0.150769 -0.007692   \n",
       "4   0.128462    0.109231   0.130769         0.056923     -0.232308 -0.146923   \n",
       "\n",
       "   aerials_z   fouls_z  fouled_z    nsxg_z  results  \n",
       "0  -0.020000 -0.224615  0.100769 -0.124615        2  \n",
       "1   0.033846 -0.145385 -0.036154  0.487692        7  \n",
       "2  -0.075385  0.193077  0.087692  0.393846        5  \n",
       "3  -0.060769 -0.220000  0.006154  0.387692        1  \n",
       "4  -0.023077  0.078462  0.532308  0.140769        2  "
      ]
     },
     "execution_count": 37,
     "metadata": {},
     "output_type": "execute_result"
    }
   ],
   "source": [
    "df.head()"
   ]
  },
  {
   "cell_type": "code",
   "execution_count": 38,
   "metadata": {},
   "outputs": [
    {
     "data": {
      "text/plain": [
       "(182, 17)"
      ]
     },
     "execution_count": 38,
     "metadata": {},
     "output_type": "execute_result"
    }
   ],
   "source": [
    "df.shape"
   ]
  },
  {
   "cell_type": "code",
   "execution_count": 39,
   "metadata": {},
   "outputs": [],
   "source": [
    "y = df['results']\n",
    "X = df.drop(columns=['results'])\n",
    "\n",
    "X_train, X_test, y_train, y_test = train_test_split(\n",
    "     X, y, test_size=0.20, random_state=1)"
   ]
  },
  {
   "cell_type": "code",
   "execution_count": 40,
   "metadata": {},
   "outputs": [
    {
     "data": {
      "text/plain": [
       "RandomForestRegressor(max_depth=20, max_features=15, n_estimators=1000,\n",
       "                      random_state=1)"
      ]
     },
     "execution_count": 40,
     "metadata": {},
     "output_type": "execute_result"
    }
   ],
   "source": [
    "regr = RandomForestRegressor(max_depth=20, n_estimators=1000, min_samples_split=2, \n",
    "                             max_features=15, random_state=1)\n",
    "regr.fit(X_train, y_train)"
   ]
  },
  {
   "cell_type": "code",
   "execution_count": 41,
   "metadata": {},
   "outputs": [],
   "source": [
    "y_pred = regr.predict(X_test)"
   ]
  },
  {
   "cell_type": "code",
   "execution_count": 42,
   "metadata": {},
   "outputs": [
    {
     "name": "stdout",
     "output_type": "stream",
     "text": [
      "DECISION FOREST REGRESSION\n",
      "r2 score: 0.4148888669581512\n",
      "RMSE : 7.115886011575068\n",
      "MSE: 50.635833729729725\n",
      "MAE: 6.35908108108108\n",
      "MAPE: 1.6306474528593808\n",
      "-----------------\n",
      "r2 score: 0.9021508338444565\n",
      "RMSE : 2.7324656277612265\n",
      "MSE: 7.466368406896553\n",
      "MAE: 2.298724137931035\n",
      "MAPE: 0.35340240738807704\n"
     ]
    }
   ],
   "source": [
    "print('DECISION FOREST REGRESSION')\n",
    "print('r2 score: '+str(r2_score(y_test, y_pred)))\n",
    "print('RMSE : '+str(np.sqrt(mean_squared_error(y_test, y_pred))))\n",
    "print('MSE: '+str(mean_squared_error(y_test, y_pred)))\n",
    "print('MAE: '+str(mean_absolute_error(y_test, y_pred)))\n",
    "print('MAPE: '+str(mean_absolute_percentage_error(y_test, y_pred)))\n",
    "\n",
    "\n",
    "print('-----------------')\n",
    "\n",
    "y_train_pred = regr.predict(X_train)\n",
    "\n",
    "print('r2 score: '+str(r2_score(y_train, y_train_pred)))\n",
    "print('RMSE : '+str(np.sqrt(mean_squared_error(y_train, y_train_pred))))\n",
    "print('MSE: '+str(mean_squared_error(y_train, y_train_pred)))\n",
    "print('MAE: '+str(mean_absolute_error(y_train, y_train_pred)))\n",
    "print('MAPE: '+str(mean_absolute_percentage_error(y_train, y_train_pred)))"
   ]
  },
  {
   "cell_type": "code",
   "execution_count": 43,
   "metadata": {},
   "outputs": [],
   "source": [
    "# mape .37432196450623323\n",
    "# mape @ (178, 17) = .38923381998443746\n",
    "# mape @ (189, 17) = .3718819197955769\n",
    "# z < 2.3 for (189, 17) = (165, 17) = .34524814299512346\n",
    "# mape @ (194, 17) with z < 2.7 == .366891667284337\n",
    "# z < 2.2 for (238, 17) = (174, 17) = .3385536296774055\n",
    "# z < 2.25 for (238, 17) = (177, 17) = .3147636128194135"
   ]
  },
  {
   "cell_type": "markdown",
   "metadata": {},
   "source": [
    "DECISION FOREST REGRESSION\n",
    "r2 score: 0.2967831866338452\n",
    "RMSE : 7.579711887664333\n",
    "MSE: 57.4520323\n",
    "MAE: 5.838099999999999\n",
    "MAPE: 0.7793818583999947\n",
    "-----------------\n",
    "r2 score: 0.9296137881016225\n",
    "RMSE : 2.470282067199093\n",
    "MSE: 6.102293491525424\n",
    "MAE: 2.0082711864406777\n",
    "MAPE: 0.37432196450623323\n"
   ]
  },
  {
   "cell_type": "code",
   "execution_count": 44,
   "metadata": {},
   "outputs": [],
   "source": [
    "data = {'y_test': y_test, 'y_pred': y_pred}"
   ]
  },
  {
   "cell_type": "code",
   "execution_count": 45,
   "metadata": {},
   "outputs": [],
   "source": [
    "new_df = pd.DataFrame(data)"
   ]
  },
  {
   "cell_type": "code",
   "execution_count": 46,
   "metadata": {},
   "outputs": [],
   "source": [
    "diff = (new_df['y_test'] - new_df['y_pred']).abs()"
   ]
  },
  {
   "cell_type": "code",
   "execution_count": 47,
   "metadata": {},
   "outputs": [],
   "source": [
    "new_df['diff'] = diff"
   ]
  },
  {
   "cell_type": "code",
   "execution_count": 48,
   "metadata": {
    "scrolled": false
   },
   "outputs": [],
   "source": [
    "new_df = new_df.sort_values(by='diff', ascending=True)"
   ]
  },
  {
   "cell_type": "code",
   "execution_count": 49,
   "metadata": {
    "scrolled": true
   },
   "outputs": [],
   "source": [
    "new_df['y_pred'] = round(new_df['y_pred'], 1)"
   ]
  },
  {
   "cell_type": "code",
   "execution_count": 50,
   "metadata": {
    "scrolled": true
   },
   "outputs": [
    {
     "data": {
      "text/html": [
       "<div>\n",
       "<style scoped>\n",
       "    .dataframe tbody tr th:only-of-type {\n",
       "        vertical-align: middle;\n",
       "    }\n",
       "\n",
       "    .dataframe tbody tr th {\n",
       "        vertical-align: top;\n",
       "    }\n",
       "\n",
       "    .dataframe thead th {\n",
       "        text-align: right;\n",
       "    }\n",
       "</style>\n",
       "<table border=\"1\" class=\"dataframe\">\n",
       "  <thead>\n",
       "    <tr style=\"text-align: right;\">\n",
       "      <th></th>\n",
       "      <th>y_test</th>\n",
       "      <th>y_pred</th>\n",
       "      <th>diff</th>\n",
       "    </tr>\n",
       "  </thead>\n",
       "  <tbody>\n",
       "    <tr>\n",
       "      <th>17</th>\n",
       "      <td>11</td>\n",
       "      <td>11.0</td>\n",
       "      <td>0.039</td>\n",
       "    </tr>\n",
       "    <tr>\n",
       "      <th>123</th>\n",
       "      <td>22</td>\n",
       "      <td>22.5</td>\n",
       "      <td>0.529</td>\n",
       "    </tr>\n",
       "    <tr>\n",
       "      <th>82</th>\n",
       "      <td>23</td>\n",
       "      <td>24.3</td>\n",
       "      <td>1.324</td>\n",
       "    </tr>\n",
       "    <tr>\n",
       "      <th>97</th>\n",
       "      <td>24</td>\n",
       "      <td>22.6</td>\n",
       "      <td>1.419</td>\n",
       "    </tr>\n",
       "    <tr>\n",
       "      <th>14</th>\n",
       "      <td>10</td>\n",
       "      <td>7.8</td>\n",
       "      <td>2.240</td>\n",
       "    </tr>\n",
       "    <tr>\n",
       "      <th>132</th>\n",
       "      <td>9</td>\n",
       "      <td>11.5</td>\n",
       "      <td>2.473</td>\n",
       "    </tr>\n",
       "    <tr>\n",
       "      <th>163</th>\n",
       "      <td>24</td>\n",
       "      <td>26.5</td>\n",
       "      <td>2.502</td>\n",
       "    </tr>\n",
       "    <tr>\n",
       "      <th>29</th>\n",
       "      <td>3</td>\n",
       "      <td>7.2</td>\n",
       "      <td>4.242</td>\n",
       "    </tr>\n",
       "    <tr>\n",
       "      <th>177</th>\n",
       "      <td>18</td>\n",
       "      <td>13.7</td>\n",
       "      <td>4.322</td>\n",
       "    </tr>\n",
       "    <tr>\n",
       "      <th>166</th>\n",
       "      <td>18</td>\n",
       "      <td>22.4</td>\n",
       "      <td>4.408</td>\n",
       "    </tr>\n",
       "    <tr>\n",
       "      <th>11</th>\n",
       "      <td>11</td>\n",
       "      <td>6.6</td>\n",
       "      <td>4.437</td>\n",
       "    </tr>\n",
       "    <tr>\n",
       "      <th>19</th>\n",
       "      <td>4</td>\n",
       "      <td>8.7</td>\n",
       "      <td>4.663</td>\n",
       "    </tr>\n",
       "    <tr>\n",
       "      <th>16</th>\n",
       "      <td>19</td>\n",
       "      <td>23.9</td>\n",
       "      <td>4.914</td>\n",
       "    </tr>\n",
       "    <tr>\n",
       "      <th>119</th>\n",
       "      <td>5</td>\n",
       "      <td>10.3</td>\n",
       "      <td>5.349</td>\n",
       "    </tr>\n",
       "    <tr>\n",
       "      <th>102</th>\n",
       "      <td>3</td>\n",
       "      <td>8.4</td>\n",
       "      <td>5.384</td>\n",
       "    </tr>\n",
       "    <tr>\n",
       "      <th>78</th>\n",
       "      <td>23</td>\n",
       "      <td>17.2</td>\n",
       "      <td>5.778</td>\n",
       "    </tr>\n",
       "    <tr>\n",
       "      <th>90</th>\n",
       "      <td>8</td>\n",
       "      <td>13.9</td>\n",
       "      <td>5.935</td>\n",
       "    </tr>\n",
       "    <tr>\n",
       "      <th>31</th>\n",
       "      <td>26</td>\n",
       "      <td>19.9</td>\n",
       "      <td>6.063</td>\n",
       "    </tr>\n",
       "    <tr>\n",
       "      <th>42</th>\n",
       "      <td>5</td>\n",
       "      <td>11.4</td>\n",
       "      <td>6.412</td>\n",
       "    </tr>\n",
       "    <tr>\n",
       "      <th>48</th>\n",
       "      <td>30</td>\n",
       "      <td>23.2</td>\n",
       "      <td>6.784</td>\n",
       "    </tr>\n",
       "    <tr>\n",
       "      <th>114</th>\n",
       "      <td>6</td>\n",
       "      <td>12.8</td>\n",
       "      <td>6.794</td>\n",
       "    </tr>\n",
       "    <tr>\n",
       "      <th>89</th>\n",
       "      <td>17</td>\n",
       "      <td>23.8</td>\n",
       "      <td>6.817</td>\n",
       "    </tr>\n",
       "    <tr>\n",
       "      <th>5</th>\n",
       "      <td>2</td>\n",
       "      <td>9.7</td>\n",
       "      <td>7.676</td>\n",
       "    </tr>\n",
       "    <tr>\n",
       "      <th>113</th>\n",
       "      <td>1</td>\n",
       "      <td>8.8</td>\n",
       "      <td>7.808</td>\n",
       "    </tr>\n",
       "    <tr>\n",
       "      <th>35</th>\n",
       "      <td>4</td>\n",
       "      <td>12.1</td>\n",
       "      <td>8.129</td>\n",
       "    </tr>\n",
       "    <tr>\n",
       "      <th>59</th>\n",
       "      <td>28</td>\n",
       "      <td>19.7</td>\n",
       "      <td>8.345</td>\n",
       "    </tr>\n",
       "    <tr>\n",
       "      <th>168</th>\n",
       "      <td>4</td>\n",
       "      <td>12.6</td>\n",
       "      <td>8.614</td>\n",
       "    </tr>\n",
       "    <tr>\n",
       "      <th>53</th>\n",
       "      <td>1</td>\n",
       "      <td>9.8</td>\n",
       "      <td>8.779</td>\n",
       "    </tr>\n",
       "    <tr>\n",
       "      <th>56</th>\n",
       "      <td>11</td>\n",
       "      <td>20.1</td>\n",
       "      <td>9.077</td>\n",
       "    </tr>\n",
       "    <tr>\n",
       "      <th>40</th>\n",
       "      <td>4</td>\n",
       "      <td>13.1</td>\n",
       "      <td>9.096</td>\n",
       "    </tr>\n",
       "    <tr>\n",
       "      <th>47</th>\n",
       "      <td>8</td>\n",
       "      <td>17.3</td>\n",
       "      <td>9.292</td>\n",
       "    </tr>\n",
       "    <tr>\n",
       "      <th>93</th>\n",
       "      <td>10</td>\n",
       "      <td>19.5</td>\n",
       "      <td>9.482</td>\n",
       "    </tr>\n",
       "    <tr>\n",
       "      <th>4</th>\n",
       "      <td>2</td>\n",
       "      <td>12.0</td>\n",
       "      <td>9.969</td>\n",
       "    </tr>\n",
       "    <tr>\n",
       "      <th>110</th>\n",
       "      <td>14</td>\n",
       "      <td>24.0</td>\n",
       "      <td>10.016</td>\n",
       "    </tr>\n",
       "    <tr>\n",
       "      <th>84</th>\n",
       "      <td>32</td>\n",
       "      <td>21.0</td>\n",
       "      <td>11.046</td>\n",
       "    </tr>\n",
       "    <tr>\n",
       "      <th>81</th>\n",
       "      <td>2</td>\n",
       "      <td>13.6</td>\n",
       "      <td>11.574</td>\n",
       "    </tr>\n",
       "    <tr>\n",
       "      <th>118</th>\n",
       "      <td>2</td>\n",
       "      <td>15.6</td>\n",
       "      <td>13.555</td>\n",
       "    </tr>\n",
       "  </tbody>\n",
       "</table>\n",
       "</div>"
      ],
      "text/plain": [
       "     y_test  y_pred    diff\n",
       "17       11    11.0   0.039\n",
       "123      22    22.5   0.529\n",
       "82       23    24.3   1.324\n",
       "97       24    22.6   1.419\n",
       "14       10     7.8   2.240\n",
       "132       9    11.5   2.473\n",
       "163      24    26.5   2.502\n",
       "29        3     7.2   4.242\n",
       "177      18    13.7   4.322\n",
       "166      18    22.4   4.408\n",
       "11       11     6.6   4.437\n",
       "19        4     8.7   4.663\n",
       "16       19    23.9   4.914\n",
       "119       5    10.3   5.349\n",
       "102       3     8.4   5.384\n",
       "78       23    17.2   5.778\n",
       "90        8    13.9   5.935\n",
       "31       26    19.9   6.063\n",
       "42        5    11.4   6.412\n",
       "48       30    23.2   6.784\n",
       "114       6    12.8   6.794\n",
       "89       17    23.8   6.817\n",
       "5         2     9.7   7.676\n",
       "113       1     8.8   7.808\n",
       "35        4    12.1   8.129\n",
       "59       28    19.7   8.345\n",
       "168       4    12.6   8.614\n",
       "53        1     9.8   8.779\n",
       "56       11    20.1   9.077\n",
       "40        4    13.1   9.096\n",
       "47        8    17.3   9.292\n",
       "93       10    19.5   9.482\n",
       "4         2    12.0   9.969\n",
       "110      14    24.0  10.016\n",
       "84       32    21.0  11.046\n",
       "81        2    13.6  11.574\n",
       "118       2    15.6  13.555"
      ]
     },
     "execution_count": 50,
     "metadata": {},
     "output_type": "execute_result"
    }
   ],
   "source": [
    "new_df"
   ]
  },
  {
   "cell_type": "code",
   "execution_count": 51,
   "metadata": {},
   "outputs": [],
   "source": [
    "yvals_df = new_df.sort_values(by='y_pred', ascending=True)"
   ]
  },
  {
   "cell_type": "code",
   "execution_count": 52,
   "metadata": {
    "scrolled": true
   },
   "outputs": [
    {
     "data": {
      "text/html": [
       "<div>\n",
       "<style scoped>\n",
       "    .dataframe tbody tr th:only-of-type {\n",
       "        vertical-align: middle;\n",
       "    }\n",
       "\n",
       "    .dataframe tbody tr th {\n",
       "        vertical-align: top;\n",
       "    }\n",
       "\n",
       "    .dataframe thead th {\n",
       "        text-align: right;\n",
       "    }\n",
       "</style>\n",
       "<table border=\"1\" class=\"dataframe\">\n",
       "  <thead>\n",
       "    <tr style=\"text-align: right;\">\n",
       "      <th></th>\n",
       "      <th>y_test</th>\n",
       "      <th>y_pred</th>\n",
       "      <th>diff</th>\n",
       "    </tr>\n",
       "  </thead>\n",
       "  <tbody>\n",
       "    <tr>\n",
       "      <th>11</th>\n",
       "      <td>11</td>\n",
       "      <td>6.6</td>\n",
       "      <td>4.437</td>\n",
       "    </tr>\n",
       "    <tr>\n",
       "      <th>29</th>\n",
       "      <td>3</td>\n",
       "      <td>7.2</td>\n",
       "      <td>4.242</td>\n",
       "    </tr>\n",
       "    <tr>\n",
       "      <th>14</th>\n",
       "      <td>10</td>\n",
       "      <td>7.8</td>\n",
       "      <td>2.240</td>\n",
       "    </tr>\n",
       "    <tr>\n",
       "      <th>102</th>\n",
       "      <td>3</td>\n",
       "      <td>8.4</td>\n",
       "      <td>5.384</td>\n",
       "    </tr>\n",
       "    <tr>\n",
       "      <th>19</th>\n",
       "      <td>4</td>\n",
       "      <td>8.7</td>\n",
       "      <td>4.663</td>\n",
       "    </tr>\n",
       "    <tr>\n",
       "      <th>113</th>\n",
       "      <td>1</td>\n",
       "      <td>8.8</td>\n",
       "      <td>7.808</td>\n",
       "    </tr>\n",
       "    <tr>\n",
       "      <th>5</th>\n",
       "      <td>2</td>\n",
       "      <td>9.7</td>\n",
       "      <td>7.676</td>\n",
       "    </tr>\n",
       "    <tr>\n",
       "      <th>53</th>\n",
       "      <td>1</td>\n",
       "      <td>9.8</td>\n",
       "      <td>8.779</td>\n",
       "    </tr>\n",
       "    <tr>\n",
       "      <th>119</th>\n",
       "      <td>5</td>\n",
       "      <td>10.3</td>\n",
       "      <td>5.349</td>\n",
       "    </tr>\n",
       "    <tr>\n",
       "      <th>17</th>\n",
       "      <td>11</td>\n",
       "      <td>11.0</td>\n",
       "      <td>0.039</td>\n",
       "    </tr>\n",
       "    <tr>\n",
       "      <th>42</th>\n",
       "      <td>5</td>\n",
       "      <td>11.4</td>\n",
       "      <td>6.412</td>\n",
       "    </tr>\n",
       "    <tr>\n",
       "      <th>132</th>\n",
       "      <td>9</td>\n",
       "      <td>11.5</td>\n",
       "      <td>2.473</td>\n",
       "    </tr>\n",
       "    <tr>\n",
       "      <th>4</th>\n",
       "      <td>2</td>\n",
       "      <td>12.0</td>\n",
       "      <td>9.969</td>\n",
       "    </tr>\n",
       "    <tr>\n",
       "      <th>35</th>\n",
       "      <td>4</td>\n",
       "      <td>12.1</td>\n",
       "      <td>8.129</td>\n",
       "    </tr>\n",
       "    <tr>\n",
       "      <th>168</th>\n",
       "      <td>4</td>\n",
       "      <td>12.6</td>\n",
       "      <td>8.614</td>\n",
       "    </tr>\n",
       "    <tr>\n",
       "      <th>114</th>\n",
       "      <td>6</td>\n",
       "      <td>12.8</td>\n",
       "      <td>6.794</td>\n",
       "    </tr>\n",
       "    <tr>\n",
       "      <th>40</th>\n",
       "      <td>4</td>\n",
       "      <td>13.1</td>\n",
       "      <td>9.096</td>\n",
       "    </tr>\n",
       "    <tr>\n",
       "      <th>81</th>\n",
       "      <td>2</td>\n",
       "      <td>13.6</td>\n",
       "      <td>11.574</td>\n",
       "    </tr>\n",
       "    <tr>\n",
       "      <th>177</th>\n",
       "      <td>18</td>\n",
       "      <td>13.7</td>\n",
       "      <td>4.322</td>\n",
       "    </tr>\n",
       "    <tr>\n",
       "      <th>90</th>\n",
       "      <td>8</td>\n",
       "      <td>13.9</td>\n",
       "      <td>5.935</td>\n",
       "    </tr>\n",
       "    <tr>\n",
       "      <th>118</th>\n",
       "      <td>2</td>\n",
       "      <td>15.6</td>\n",
       "      <td>13.555</td>\n",
       "    </tr>\n",
       "    <tr>\n",
       "      <th>78</th>\n",
       "      <td>23</td>\n",
       "      <td>17.2</td>\n",
       "      <td>5.778</td>\n",
       "    </tr>\n",
       "    <tr>\n",
       "      <th>47</th>\n",
       "      <td>8</td>\n",
       "      <td>17.3</td>\n",
       "      <td>9.292</td>\n",
       "    </tr>\n",
       "    <tr>\n",
       "      <th>93</th>\n",
       "      <td>10</td>\n",
       "      <td>19.5</td>\n",
       "      <td>9.482</td>\n",
       "    </tr>\n",
       "    <tr>\n",
       "      <th>59</th>\n",
       "      <td>28</td>\n",
       "      <td>19.7</td>\n",
       "      <td>8.345</td>\n",
       "    </tr>\n",
       "    <tr>\n",
       "      <th>31</th>\n",
       "      <td>26</td>\n",
       "      <td>19.9</td>\n",
       "      <td>6.063</td>\n",
       "    </tr>\n",
       "    <tr>\n",
       "      <th>56</th>\n",
       "      <td>11</td>\n",
       "      <td>20.1</td>\n",
       "      <td>9.077</td>\n",
       "    </tr>\n",
       "    <tr>\n",
       "      <th>84</th>\n",
       "      <td>32</td>\n",
       "      <td>21.0</td>\n",
       "      <td>11.046</td>\n",
       "    </tr>\n",
       "    <tr>\n",
       "      <th>166</th>\n",
       "      <td>18</td>\n",
       "      <td>22.4</td>\n",
       "      <td>4.408</td>\n",
       "    </tr>\n",
       "    <tr>\n",
       "      <th>123</th>\n",
       "      <td>22</td>\n",
       "      <td>22.5</td>\n",
       "      <td>0.529</td>\n",
       "    </tr>\n",
       "    <tr>\n",
       "      <th>97</th>\n",
       "      <td>24</td>\n",
       "      <td>22.6</td>\n",
       "      <td>1.419</td>\n",
       "    </tr>\n",
       "    <tr>\n",
       "      <th>48</th>\n",
       "      <td>30</td>\n",
       "      <td>23.2</td>\n",
       "      <td>6.784</td>\n",
       "    </tr>\n",
       "    <tr>\n",
       "      <th>89</th>\n",
       "      <td>17</td>\n",
       "      <td>23.8</td>\n",
       "      <td>6.817</td>\n",
       "    </tr>\n",
       "    <tr>\n",
       "      <th>16</th>\n",
       "      <td>19</td>\n",
       "      <td>23.9</td>\n",
       "      <td>4.914</td>\n",
       "    </tr>\n",
       "    <tr>\n",
       "      <th>110</th>\n",
       "      <td>14</td>\n",
       "      <td>24.0</td>\n",
       "      <td>10.016</td>\n",
       "    </tr>\n",
       "    <tr>\n",
       "      <th>82</th>\n",
       "      <td>23</td>\n",
       "      <td>24.3</td>\n",
       "      <td>1.324</td>\n",
       "    </tr>\n",
       "    <tr>\n",
       "      <th>163</th>\n",
       "      <td>24</td>\n",
       "      <td>26.5</td>\n",
       "      <td>2.502</td>\n",
       "    </tr>\n",
       "  </tbody>\n",
       "</table>\n",
       "</div>"
      ],
      "text/plain": [
       "     y_test  y_pred    diff\n",
       "11       11     6.6   4.437\n",
       "29        3     7.2   4.242\n",
       "14       10     7.8   2.240\n",
       "102       3     8.4   5.384\n",
       "19        4     8.7   4.663\n",
       "113       1     8.8   7.808\n",
       "5         2     9.7   7.676\n",
       "53        1     9.8   8.779\n",
       "119       5    10.3   5.349\n",
       "17       11    11.0   0.039\n",
       "42        5    11.4   6.412\n",
       "132       9    11.5   2.473\n",
       "4         2    12.0   9.969\n",
       "35        4    12.1   8.129\n",
       "168       4    12.6   8.614\n",
       "114       6    12.8   6.794\n",
       "40        4    13.1   9.096\n",
       "81        2    13.6  11.574\n",
       "177      18    13.7   4.322\n",
       "90        8    13.9   5.935\n",
       "118       2    15.6  13.555\n",
       "78       23    17.2   5.778\n",
       "47        8    17.3   9.292\n",
       "93       10    19.5   9.482\n",
       "59       28    19.7   8.345\n",
       "31       26    19.9   6.063\n",
       "56       11    20.1   9.077\n",
       "84       32    21.0  11.046\n",
       "166      18    22.4   4.408\n",
       "123      22    22.5   0.529\n",
       "97       24    22.6   1.419\n",
       "48       30    23.2   6.784\n",
       "89       17    23.8   6.817\n",
       "16       19    23.9   4.914\n",
       "110      14    24.0  10.016\n",
       "82       23    24.3   1.324\n",
       "163      24    26.5   2.502"
      ]
     },
     "execution_count": 52,
     "metadata": {},
     "output_type": "execute_result"
    }
   ],
   "source": [
    "yvals_df"
   ]
  },
  {
   "cell_type": "code",
   "execution_count": 53,
   "metadata": {},
   "outputs": [],
   "source": [
    "ytest_df = new_df.sort_values(by='y_test', ascending=True)"
   ]
  },
  {
   "cell_type": "code",
   "execution_count": 54,
   "metadata": {
    "scrolled": true
   },
   "outputs": [
    {
     "data": {
      "text/html": [
       "<div>\n",
       "<style scoped>\n",
       "    .dataframe tbody tr th:only-of-type {\n",
       "        vertical-align: middle;\n",
       "    }\n",
       "\n",
       "    .dataframe tbody tr th {\n",
       "        vertical-align: top;\n",
       "    }\n",
       "\n",
       "    .dataframe thead th {\n",
       "        text-align: right;\n",
       "    }\n",
       "</style>\n",
       "<table border=\"1\" class=\"dataframe\">\n",
       "  <thead>\n",
       "    <tr style=\"text-align: right;\">\n",
       "      <th></th>\n",
       "      <th>y_test</th>\n",
       "      <th>y_pred</th>\n",
       "      <th>diff</th>\n",
       "    </tr>\n",
       "  </thead>\n",
       "  <tbody>\n",
       "    <tr>\n",
       "      <th>53</th>\n",
       "      <td>1</td>\n",
       "      <td>9.8</td>\n",
       "      <td>8.779</td>\n",
       "    </tr>\n",
       "    <tr>\n",
       "      <th>113</th>\n",
       "      <td>1</td>\n",
       "      <td>8.8</td>\n",
       "      <td>7.808</td>\n",
       "    </tr>\n",
       "    <tr>\n",
       "      <th>118</th>\n",
       "      <td>2</td>\n",
       "      <td>15.6</td>\n",
       "      <td>13.555</td>\n",
       "    </tr>\n",
       "    <tr>\n",
       "      <th>4</th>\n",
       "      <td>2</td>\n",
       "      <td>12.0</td>\n",
       "      <td>9.969</td>\n",
       "    </tr>\n",
       "    <tr>\n",
       "      <th>5</th>\n",
       "      <td>2</td>\n",
       "      <td>9.7</td>\n",
       "      <td>7.676</td>\n",
       "    </tr>\n",
       "    <tr>\n",
       "      <th>81</th>\n",
       "      <td>2</td>\n",
       "      <td>13.6</td>\n",
       "      <td>11.574</td>\n",
       "    </tr>\n",
       "    <tr>\n",
       "      <th>29</th>\n",
       "      <td>3</td>\n",
       "      <td>7.2</td>\n",
       "      <td>4.242</td>\n",
       "    </tr>\n",
       "    <tr>\n",
       "      <th>102</th>\n",
       "      <td>3</td>\n",
       "      <td>8.4</td>\n",
       "      <td>5.384</td>\n",
       "    </tr>\n",
       "    <tr>\n",
       "      <th>40</th>\n",
       "      <td>4</td>\n",
       "      <td>13.1</td>\n",
       "      <td>9.096</td>\n",
       "    </tr>\n",
       "    <tr>\n",
       "      <th>168</th>\n",
       "      <td>4</td>\n",
       "      <td>12.6</td>\n",
       "      <td>8.614</td>\n",
       "    </tr>\n",
       "    <tr>\n",
       "      <th>35</th>\n",
       "      <td>4</td>\n",
       "      <td>12.1</td>\n",
       "      <td>8.129</td>\n",
       "    </tr>\n",
       "    <tr>\n",
       "      <th>19</th>\n",
       "      <td>4</td>\n",
       "      <td>8.7</td>\n",
       "      <td>4.663</td>\n",
       "    </tr>\n",
       "    <tr>\n",
       "      <th>119</th>\n",
       "      <td>5</td>\n",
       "      <td>10.3</td>\n",
       "      <td>5.349</td>\n",
       "    </tr>\n",
       "    <tr>\n",
       "      <th>42</th>\n",
       "      <td>5</td>\n",
       "      <td>11.4</td>\n",
       "      <td>6.412</td>\n",
       "    </tr>\n",
       "    <tr>\n",
       "      <th>114</th>\n",
       "      <td>6</td>\n",
       "      <td>12.8</td>\n",
       "      <td>6.794</td>\n",
       "    </tr>\n",
       "    <tr>\n",
       "      <th>90</th>\n",
       "      <td>8</td>\n",
       "      <td>13.9</td>\n",
       "      <td>5.935</td>\n",
       "    </tr>\n",
       "    <tr>\n",
       "      <th>47</th>\n",
       "      <td>8</td>\n",
       "      <td>17.3</td>\n",
       "      <td>9.292</td>\n",
       "    </tr>\n",
       "    <tr>\n",
       "      <th>132</th>\n",
       "      <td>9</td>\n",
       "      <td>11.5</td>\n",
       "      <td>2.473</td>\n",
       "    </tr>\n",
       "    <tr>\n",
       "      <th>93</th>\n",
       "      <td>10</td>\n",
       "      <td>19.5</td>\n",
       "      <td>9.482</td>\n",
       "    </tr>\n",
       "    <tr>\n",
       "      <th>14</th>\n",
       "      <td>10</td>\n",
       "      <td>7.8</td>\n",
       "      <td>2.240</td>\n",
       "    </tr>\n",
       "    <tr>\n",
       "      <th>11</th>\n",
       "      <td>11</td>\n",
       "      <td>6.6</td>\n",
       "      <td>4.437</td>\n",
       "    </tr>\n",
       "    <tr>\n",
       "      <th>56</th>\n",
       "      <td>11</td>\n",
       "      <td>20.1</td>\n",
       "      <td>9.077</td>\n",
       "    </tr>\n",
       "    <tr>\n",
       "      <th>17</th>\n",
       "      <td>11</td>\n",
       "      <td>11.0</td>\n",
       "      <td>0.039</td>\n",
       "    </tr>\n",
       "    <tr>\n",
       "      <th>110</th>\n",
       "      <td>14</td>\n",
       "      <td>24.0</td>\n",
       "      <td>10.016</td>\n",
       "    </tr>\n",
       "    <tr>\n",
       "      <th>89</th>\n",
       "      <td>17</td>\n",
       "      <td>23.8</td>\n",
       "      <td>6.817</td>\n",
       "    </tr>\n",
       "    <tr>\n",
       "      <th>166</th>\n",
       "      <td>18</td>\n",
       "      <td>22.4</td>\n",
       "      <td>4.408</td>\n",
       "    </tr>\n",
       "    <tr>\n",
       "      <th>177</th>\n",
       "      <td>18</td>\n",
       "      <td>13.7</td>\n",
       "      <td>4.322</td>\n",
       "    </tr>\n",
       "    <tr>\n",
       "      <th>16</th>\n",
       "      <td>19</td>\n",
       "      <td>23.9</td>\n",
       "      <td>4.914</td>\n",
       "    </tr>\n",
       "    <tr>\n",
       "      <th>123</th>\n",
       "      <td>22</td>\n",
       "      <td>22.5</td>\n",
       "      <td>0.529</td>\n",
       "    </tr>\n",
       "    <tr>\n",
       "      <th>82</th>\n",
       "      <td>23</td>\n",
       "      <td>24.3</td>\n",
       "      <td>1.324</td>\n",
       "    </tr>\n",
       "    <tr>\n",
       "      <th>78</th>\n",
       "      <td>23</td>\n",
       "      <td>17.2</td>\n",
       "      <td>5.778</td>\n",
       "    </tr>\n",
       "    <tr>\n",
       "      <th>163</th>\n",
       "      <td>24</td>\n",
       "      <td>26.5</td>\n",
       "      <td>2.502</td>\n",
       "    </tr>\n",
       "    <tr>\n",
       "      <th>97</th>\n",
       "      <td>24</td>\n",
       "      <td>22.6</td>\n",
       "      <td>1.419</td>\n",
       "    </tr>\n",
       "    <tr>\n",
       "      <th>31</th>\n",
       "      <td>26</td>\n",
       "      <td>19.9</td>\n",
       "      <td>6.063</td>\n",
       "    </tr>\n",
       "    <tr>\n",
       "      <th>59</th>\n",
       "      <td>28</td>\n",
       "      <td>19.7</td>\n",
       "      <td>8.345</td>\n",
       "    </tr>\n",
       "    <tr>\n",
       "      <th>48</th>\n",
       "      <td>30</td>\n",
       "      <td>23.2</td>\n",
       "      <td>6.784</td>\n",
       "    </tr>\n",
       "    <tr>\n",
       "      <th>84</th>\n",
       "      <td>32</td>\n",
       "      <td>21.0</td>\n",
       "      <td>11.046</td>\n",
       "    </tr>\n",
       "  </tbody>\n",
       "</table>\n",
       "</div>"
      ],
      "text/plain": [
       "     y_test  y_pred    diff\n",
       "53        1     9.8   8.779\n",
       "113       1     8.8   7.808\n",
       "118       2    15.6  13.555\n",
       "4         2    12.0   9.969\n",
       "5         2     9.7   7.676\n",
       "81        2    13.6  11.574\n",
       "29        3     7.2   4.242\n",
       "102       3     8.4   5.384\n",
       "40        4    13.1   9.096\n",
       "168       4    12.6   8.614\n",
       "35        4    12.1   8.129\n",
       "19        4     8.7   4.663\n",
       "119       5    10.3   5.349\n",
       "42        5    11.4   6.412\n",
       "114       6    12.8   6.794\n",
       "90        8    13.9   5.935\n",
       "47        8    17.3   9.292\n",
       "132       9    11.5   2.473\n",
       "93       10    19.5   9.482\n",
       "14       10     7.8   2.240\n",
       "11       11     6.6   4.437\n",
       "56       11    20.1   9.077\n",
       "17       11    11.0   0.039\n",
       "110      14    24.0  10.016\n",
       "89       17    23.8   6.817\n",
       "166      18    22.4   4.408\n",
       "177      18    13.7   4.322\n",
       "16       19    23.9   4.914\n",
       "123      22    22.5   0.529\n",
       "82       23    24.3   1.324\n",
       "78       23    17.2   5.778\n",
       "163      24    26.5   2.502\n",
       "97       24    22.6   1.419\n",
       "31       26    19.9   6.063\n",
       "59       28    19.7   8.345\n",
       "48       30    23.2   6.784\n",
       "84       32    21.0  11.046"
      ]
     },
     "execution_count": 54,
     "metadata": {},
     "output_type": "execute_result"
    }
   ],
   "source": [
    "ytest_df"
   ]
  },
  {
   "cell_type": "code",
   "execution_count": 55,
   "metadata": {},
   "outputs": [
    {
     "data": {
      "text/plain": [
       "18.5"
      ]
     },
     "execution_count": 55,
     "metadata": {},
     "output_type": "execute_result"
    }
   ],
   "source": [
    "len(new_df)/2"
   ]
  },
  {
   "cell_type": "code",
   "execution_count": 56,
   "metadata": {
    "scrolled": true
   },
   "outputs": [
    {
     "data": {
      "text/html": [
       "<div>\n",
