{
 "cells": [
  {
   "cell_type": "markdown",
   "metadata": {},
   "source": [
    "REview:\n",
    "- https://github.com/EpistasisLab/pmlb\n",
    "- https://epistasislab.github.io/pmlb/profile/207_autoPrice.html\n",
    "- https://seaborn.pydata.org/examples/structured_heatmap.html"
   ]
  },
  {
   "cell_type": "markdown",
   "metadata": {},
   "source": [
    "## can i take my predictions and add them to the df to be trained again?"
   ]
  },
  {
   "cell_type": "code",
   "execution_count": 57,
   "metadata": {},
   "outputs": [],
   "source": [
    "import pandas as pd\n",
    "import numpy as np\n",
    "from sklearn.model_selection import train_test_split\n",
    "from sklearn.metrics import mean_squared_error\n",
    "from sklearn.metrics import r2_score\n",
    "from sklearn.metrics import mean_absolute_error\n",
    "from sklearn.metrics import mean_absolute_percentage_error\n",
    "\n",
    "from sklearn.ensemble import RandomForestRegressor\n",
    "from sklearn.datasets import make_regression"
   ]
  },
  {
   "cell_type": "code",
   "execution_count": 58,
   "metadata": {},
   "outputs": [],
   "source": [
    "df = pd.read_csv('wc-wo-outliers.csv')"
   ]
  },
  {
   "cell_type": "code",
   "execution_count": 59,
   "metadata": {},
   "outputs": [
    {
     "data": {
      "text/html": [
       "<div>\n",
       "<style scoped>\n",
       "    .dataframe tbody tr th:only-of-type {\n",
       "        vertical-align: middle;\n",
       "    }\n",
       "\n",
       "    .dataframe tbody tr th {\n",
       "        vertical-align: top;\n",
       "    }\n",
       "\n",
       "    .dataframe thead th {\n",
       "        text-align: right;\n",
       "    }\n",
       "</style>\n",
       "<table border=\"1\" class=\"dataframe\">\n",
       "  <thead>\n",
       "    <tr style=\"text-align: right;\">\n",
       "      <th></th>\n",
       "      <th>goals_z</th>\n",
       "      <th>xg_z</th>\n",
       "      <th>crosses_z</th>\n",
       "      <th>boxtouches_z</th>\n",
       "      <th>passes_z</th>\n",
       "      <th>progpasses_z</th>\n",
       "      <th>takeons_z</th>\n",
       "      <th>progruns_z</th>\n",
       "      <th>tackles_z</th>\n",
       "      <th>interceptions_z</th>\n",
       "      <th>clearances_z</th>\n",
       "      <th>blocks_z</th>\n",
       "      <th>aerials_z</th>\n",
       "      <th>fouls_z</th>\n",
       "      <th>fouled_z</th>\n",
       "      <th>nsxg_z</th>\n",
       "      <th>results</th>\n",
       "    </tr>\n",
       "  </thead>\n",
       "  <tbody>\n",
       "    <tr>\n",
       "      <th>0</th>\n",
       "      <td>0.423077</td>\n",
       "      <td>0.146923</td>\n",
       "      <td>-0.136154</td>\n",
       "      <td>-0.030000</td>\n",
       "      <td>0.429231</td>\n",
       "      <td>0.037692</td>\n",
       "      <td>0.244615</td>\n",
       "      <td>-0.220000</td>\n",
       "      <td>0.216154</td>\n",
       "      <td>0.270000</td>\n",
       "      <td>-0.076923</td>\n",
       "      <td>-0.097692</td>\n",
       "      <td>-0.020000</td>\n",
       "      <td>-0.224615</td>\n",
       "      <td>0.100769</td>\n",
       "      <td>-0.124615</td>\n",
       "      <td>2</td>\n",
       "    </tr>\n",
       "    <tr>\n",
       "      <th>1</th>\n",
       "      <td>0.245385</td>\n",
       "      <td>0.097692</td>\n",
       "      <td>0.549231</td>\n",
       "      <td>0.490000</td>\n",
       "      <td>0.090769</td>\n",
       "      <td>0.071538</td>\n",
       "      <td>-0.473077</td>\n",
       "      <td>-0.150769</td>\n",
       "      <td>0.096923</td>\n",
       "      <td>0.277692</td>\n",
       "      <td>-0.153077</td>\n",
       "      <td>-0.212308</td>\n",
       "      <td>0.033846</td>\n",
       "      <td>-0.145385</td>\n",
       "      <td>-0.036154</td>\n",
       "      <td>0.487692</td>\n",
       "      <td>7</td>\n",
       "    </tr>\n",
       "    <tr>\n",
       "      <th>2</th>\n",
       "      <td>0.337692</td>\n",
       "      <td>0.270000</td>\n",
       "      <td>0.292308</td>\n",
       "      <td>0.281538</td>\n",
       "      <td>0.065385</td>\n",
       "      <td>-0.142308</td>\n",
       "      <td>-0.076923</td>\n",
       "      <td>0.430000</td>\n",
       "      <td>0.688462</td>\n",
       "      <td>0.002308</td>\n",
       "      <td>0.020769</td>\n",
       "      <td>0.165385</td>\n",
       "      <td>-0.075385</td>\n",
       "      <td>0.193077</td>\n",
       "      <td>0.087692</td>\n",
       "      <td>0.393846</td>\n",
       "      <td>5</td>\n",
       "    </tr>\n",
       "    <tr>\n",
       "      <th>3</th>\n",
       "      <td>0.673077</td>\n",
       "      <td>0.642308</td>\n",
       "      <td>0.502308</td>\n",
       "      <td>0.277692</td>\n",
       "      <td>0.310000</td>\n",
       "      <td>0.146923</td>\n",
       "      <td>0.153077</td>\n",
       "      <td>0.081538</td>\n",
       "      <td>0.814615</td>\n",
       "      <td>0.464615</td>\n",
       "      <td>-0.150769</td>\n",
       "      <td>-0.007692</td>\n",
       "      <td>-0.060769</td>\n",
       "      <td>-0.220000</td>\n",
       "      <td>0.006154</td>\n",
       "      <td>0.387692</td>\n",
       "      <td>1</td>\n",
       "    </tr>\n",
       "    <tr>\n",
       "      <th>4</th>\n",
       "      <td>0.114615</td>\n",
       "      <td>0.155385</td>\n",
       "      <td>0.271538</td>\n",
       "      <td>0.330769</td>\n",
       "      <td>-0.015385</td>\n",
       "      <td>0.028462</td>\n",
       "      <td>0.128462</td>\n",
       "      <td>0.109231</td>\n",
       "      <td>0.130769</td>\n",
       "      <td>0.056923</td>\n",
       "      <td>-0.232308</td>\n",
       "      <td>-0.146923</td>\n",
       "      <td>-0.023077</td>\n",
       "      <td>0.078462</td>\n",
       "      <td>0.532308</td>\n",
       "      <td>0.140769</td>\n",
       "      <td>2</td>\n",
       "    </tr>\n",
       "  </tbody>\n",
       "</table>\n",
       "</div>"
      ],
      "text/plain": [
       "    goals_z      xg_z  crosses_z  boxtouches_z  passes_z  progpasses_z  \\\n",
       "0  0.423077  0.146923  -0.136154     -0.030000  0.429231      0.037692   \n",
       "1  0.245385  0.097692   0.549231      0.490000  0.090769      0.071538   \n",
       "2  0.337692  0.270000   0.292308      0.281538  0.065385     -0.142308   \n",
       "3  0.673077  0.642308   0.502308      0.277692  0.310000      0.146923   \n",
       "4  0.114615  0.155385   0.271538      0.330769 -0.015385      0.028462   \n",
       "\n",
       "   takeons_z  progruns_z  tackles_z  interceptions_z  clearances_z  blocks_z  \\\n",
       "0   0.244615   -0.220000   0.216154         0.270000     -0.076923 -0.097692   \n",
       "1  -0.473077   -0.150769   0.096923         0.277692     -0.153077 -0.212308   \n",
       "2  -0.076923    0.430000   0.688462         0.002308      0.020769  0.165385   \n",
       "3   0.153077    0.081538   0.814615         0.464615     -0.150769 -0.007692   \n",
       "4   0.128462    0.109231   0.130769         0.056923     -0.232308 -0.146923   \n",
       "\n",
       "   aerials_z   fouls_z  fouled_z    nsxg_z  results  \n",
       "0  -0.020000 -0.224615  0.100769 -0.124615        2  \n",
       "1   0.033846 -0.145385 -0.036154  0.487692        7  \n",
       "2  -0.075385  0.193077  0.087692  0.393846        5  \n",
       "3  -0.060769 -0.220000  0.006154  0.387692        1  \n",
       "4  -0.023077  0.078462  0.532308  0.140769        2  "
      ]
     },
     "execution_count": 59,
     "metadata": {},
     "output_type": "execute_result"
    }
   ],
   "source": [
    "df.head()"
   ]
  },
  {
   "cell_type": "code",
   "execution_count": 60,
   "metadata": {},
   "outputs": [
    {
     "data": {
      "text/plain": [
       "(177, 17)"
      ]
     },
     "execution_count": 60,
     "metadata": {},
     "output_type": "execute_result"
    }
   ],
   "source": [
    "df.shape"
   ]
  },
  {
   "cell_type": "code",
   "execution_count": 90,
   "metadata": {},
   "outputs": [],
   "source": [
    "y = df['results']\n",
    "X = df.drop(columns=['results'])\n",
    "\n",
    "X_train, X_test, y_train, y_test = train_test_split(\n",
    "     X, y, test_size=0.20, random_state=1)"
   ]
  },
  {
   "cell_type": "code",
   "execution_count": 91,
   "metadata": {},
   "outputs": [
    {
     "data": {
      "text/plain": [
       "RandomForestRegressor(max_depth=20, max_features=15, n_estimators=1000,\n",
       "                      random_state=1)"
      ]
     },
     "execution_count": 91,
     "metadata": {},
     "output_type": "execute_result"
    }
   ],
   "source": [
    "regr = RandomForestRegressor(max_depth=20, n_estimators=1000, min_samples_split=2, \n",
    "                             max_features=15, random_state=1)\n",
    "regr.fit(X_train, y_train)"
   ]
  },
  {
   "cell_type": "code",
   "execution_count": 92,
   "metadata": {},
   "outputs": [],
   "source": [
    "y_pred = regr.predict(X_test)"
   ]
  },
  {
   "cell_type": "code",
   "execution_count": 93,
   "metadata": {},
   "outputs": [
    {
     "name": "stdout",
     "output_type": "stream",
     "text": [
      "DECISION FOREST REGRESSION\n",
      "r2 score: 0.4041109780558738\n",
      "RMSE : 6.852388438023311\n",
      "MSE: 46.95522730555555\n",
      "MAE: 6.092416666666668\n",
      "MAPE: 1.6647262946909327\n",
      "-----------------\n",
      "r2 score: 0.9057406296814362\n",
      "RMSE : 2.6774675753445223\n",
      "MSE: 7.168832617021276\n",
      "MAE: 2.233283687943262\n",
      "MAPE: 0.3147636128194135\n"
     ]
    }
   ],
   "source": [
    "print('DECISION FOREST REGRESSION')\n",
    "print('r2 score: '+str(r2_score(y_test, y_pred)))\n",
    "print('RMSE : '+str(np.sqrt(mean_squared_error(y_test, y_pred))))\n",
    "print('MSE: '+str(mean_squared_error(y_test, y_pred)))\n",
    "print('MAE: '+str(mean_absolute_error(y_test, y_pred)))\n",
    "print('MAPE: '+str(mean_absolute_percentage_error(y_test, y_pred)))\n",
    "\n",
    "\n",
    "print('-----------------')\n",
    "\n",
    "y_train_pred = regr.predict(X_train)\n",
    "\n",
    "print('r2 score: '+str(r2_score(y_train, y_train_pred)))\n",
    "print('RMSE : '+str(np.sqrt(mean_squared_error(y_train, y_train_pred))))\n",
    "print('MSE: '+str(mean_squared_error(y_train, y_train_pred)))\n",
    "print('MAE: '+str(mean_absolute_error(y_train, y_train_pred)))\n",
    "print('MAPE: '+str(mean_absolute_percentage_error(y_train, y_train_pred)))"
   ]
  },
  {
   "cell_type": "code",
   "execution_count": 94,
   "metadata": {},
   "outputs": [],
   "source": [
    "# mape .37432196450623323\n",
    "# mape @ (178, 17) = .38923381998443746\n",
    "# mape @ (189, 17) = .3718819197955769\n",
    "# z < 2.3 for (189, 17) = (165, 17) = .34524814299512346\n",
    "# mape @ (194, 17) with z < 2.7 == .366891667284337\n",
    "# z < 2.2 for (238, 17) = (174, 17) = .3385536296774055\n",
    "# z < 2.25 for (238, 17) = (177, 17) = .3147636128194135"
   ]
  },
  {
   "cell_type": "markdown",
   "metadata": {},
   "source": [
    "DECISION FOREST REGRESSION\n",
    "r2 score: 0.2967831866338452\n",
    "RMSE : 7.579711887664333\n",
    "MSE: 57.4520323\n",
    "MAE: 5.838099999999999\n",
    "MAPE: 0.7793818583999947\n",
    "-----------------\n",
    "r2 score: 0.9296137881016225\n",
    "RMSE : 2.470282067199093\n",
    "MSE: 6.102293491525424\n",
    "MAE: 2.0082711864406777\n",
    "MAPE: 0.37432196450623323\n"
   ]
  },
  {
   "cell_type": "code",
   "execution_count": 95,
   "metadata": {},
   "outputs": [],
   "source": [
    "data = {'y_test': y_test, 'y_pred': y_pred}"
   ]
  },
  {
   "cell_type": "code",
   "execution_count": 96,
   "metadata": {},
   "outputs": [],
   "source": [
    "new_df = pd.DataFrame(data)"
   ]
  },
  {
   "cell_type": "code",
   "execution_count": 97,
   "metadata": {},
   "outputs": [],
   "source": [
    "diff = (new_df['y_test'] - new_df['y_pred']).abs()"
   ]
  },
  {
   "cell_type": "code",
   "execution_count": 98,
   "metadata": {},
   "outputs": [],
   "source": [
    "new_df['diff'] = diff"
   ]
  },
  {
   "cell_type": "code",
   "execution_count": 99,
   "metadata": {
    "scrolled": false
   },
   "outputs": [],
   "source": [
    "new_df = new_df.sort_values(by='diff', ascending=True)"
   ]
  },
  {
   "cell_type": "code",
   "execution_count": 100,
   "metadata": {
    "scrolled": true
   },
   "outputs": [],
   "source": [
    "new_df['y_pred'] = round(new_df['y_pred'], 1)"
   ]
  },
  {
   "cell_type": "code",
   "execution_count": 101,
   "metadata": {
    "scrolled": false
   },
   "outputs": [
    {
     "data": {
      "text/html": [
       "<div>\n",
       "<style scoped>\n",
       "    .dataframe tbody tr th:only-of-type {\n",
       "        vertical-align: middle;\n",
       "    }\n",
       "\n",
       "    .dataframe tbody tr th {\n",
       "        vertical-align: top;\n",
       "    }\n",
       "\n",
       "    .dataframe thead th {\n",
       "        text-align: right;\n",
       "    }\n",
       "</style>\n",
       "<table border=\"1\" class=\"dataframe\">\n",
       "  <thead>\n",
       "    <tr style=\"text-align: right;\">\n",
       "      <th></th>\n",
       "      <th>y_test</th>\n",
       "      <th>y_pred</th>\n",
       "      <th>diff</th>\n",
       "    </tr>\n",
       "  </thead>\n",
       "  <tbody>\n",
       "    <tr>\n",
       "      <th>112</th>\n",
       "      <td>26</td>\n",
       "      <td>25.9</td>\n",
       "      <td>0.104</td>\n",
       "    </tr>\n",
       "    <tr>\n",
       "      <th>97</th>\n",
       "      <td>24</td>\n",
       "      <td>23.7</td>\n",
       "      <td>0.309</td>\n",
       "    </tr>\n",
       "    <tr>\n",
       "      <th>151</th>\n",
       "      <td>14</td>\n",
       "      <td>11.7</td>\n",
       "      <td>2.347</td>\n",
       "    </tr>\n",
       "    <tr>\n",
       "      <th>106</th>\n",
       "      <td>9</td>\n",
       "      <td>6.6</td>\n",
       "      <td>2.441</td>\n",
       "    </tr>\n",
       "    <tr>\n",
       "      <th>107</th>\n",
       "      <td>8</td>\n",
       "      <td>5.4</td>\n",
       "      <td>2.555</td>\n",
       "    </tr>\n",
       "    <tr>\n",
       "      <th>14</th>\n",
       "      <td>10</td>\n",
       "      <td>7.2</td>\n",
       "      <td>2.761</td>\n",
       "    </tr>\n",
       "    <tr>\n",
       "      <th>95</th>\n",
       "      <td>16</td>\n",
       "      <td>19.2</td>\n",
       "      <td>3.220</td>\n",
       "    </tr>\n",
       "    <tr>\n",
       "      <th>150</th>\n",
       "      <td>28</td>\n",
       "      <td>24.4</td>\n",
       "      <td>3.576</td>\n",
       "    </tr>\n",
       "    <tr>\n",
       "      <th>155</th>\n",
       "      <td>9</td>\n",
       "      <td>12.7</td>\n",
       "      <td>3.747</td>\n",
       "    </tr>\n",
       "    <tr>\n",
       "      <th>75</th>\n",
       "      <td>9</td>\n",
       "      <td>13.0</td>\n",
       "      <td>4.003</td>\n",
       "    </tr>\n",
       "    <tr>\n",
       "      <th>35</th>\n",
       "      <td>4</td>\n",
       "      <td>8.2</td>\n",
       "      <td>4.206</td>\n",
       "    </tr>\n",
       "    <tr>\n",
       "      <th>29</th>\n",
       "      <td>3</td>\n",
       "      <td>7.3</td>\n",
       "      <td>4.254</td>\n",
       "    </tr>\n",
       "    <tr>\n",
       "      <th>31</th>\n",
       "      <td>26</td>\n",
       "      <td>21.7</td>\n",
       "      <td>4.271</td>\n",
       "    </tr>\n",
       "    <tr>\n",
       "      <th>11</th>\n",
       "      <td>11</td>\n",
       "      <td>6.5</td>\n",
       "      <td>4.538</td>\n",
       "    </tr>\n",
       "    <tr>\n",
       "      <th>16</th>\n",
       "      <td>19</td>\n",
       "      <td>23.7</td>\n",
       "      <td>4.709</td>\n",
       "    </tr>\n",
       "    <tr>\n",
       "      <th>19</th>\n",
       "      <td>4</td>\n",
       "      <td>9.0</td>\n",
       "      <td>4.983</td>\n",
       "    </tr>\n",
       "    <tr>\n",
       "      <th>158</th>\n",
       "      <td>15</td>\n",
       "      <td>9.8</td>\n",
       "      <td>5.192</td>\n",
       "    </tr>\n",
       "    <tr>\n",
       "      <th>114</th>\n",
       "      <td>1</td>\n",
       "      <td>6.8</td>\n",
       "      <td>5.806</td>\n",
       "    </tr>\n",
       "    <tr>\n",
       "      <th>153</th>\n",
       "      <td>16</td>\n",
       "      <td>10.2</td>\n",
       "      <td>5.835</td>\n",
       "    </tr>\n",
       "    <tr>\n",
       "      <th>53</th>\n",
       "      <td>1</td>\n",
       "      <td>6.9</td>\n",
       "      <td>5.903</td>\n",
       "    </tr>\n",
       "    <tr>\n",
       "      <th>102</th>\n",
       "      <td>3</td>\n",
       "      <td>9.2</td>\n",
       "      <td>6.156</td>\n",
       "    </tr>\n",
       "    <tr>\n",
       "      <th>120</th>\n",
       "      <td>5</td>\n",
       "      <td>11.3</td>\n",
       "      <td>6.346</td>\n",
       "    </tr>\n",
       "    <tr>\n",
       "      <th>125</th>\n",
       "      <td>20</td>\n",
       "      <td>13.3</td>\n",
       "      <td>6.679</td>\n",
       "    </tr>\n",
       "    <tr>\n",
       "      <th>47</th>\n",
       "      <td>8</td>\n",
       "      <td>16.0</td>\n",
       "      <td>7.990</td>\n",
       "    </tr>\n",
       "    <tr>\n",
       "      <th>51</th>\n",
       "      <td>2</td>\n",
       "      <td>10.0</td>\n",
       "      <td>8.006</td>\n",
       "    </tr>\n",
       "    <tr>\n",
       "      <th>42</th>\n",
       "      <td>5</td>\n",
       "      <td>13.2</td>\n",
       "      <td>8.211</td>\n",
       "    </tr>\n",
       "    <tr>\n",
       "      <th>40</th>\n",
       "      <td>4</td>\n",
       "      <td>12.4</td>\n",
       "      <td>8.413</td>\n",
       "    </tr>\n",
       "    <tr>\n",
       "      <th>73</th>\n",
       "      <td>24</td>\n",
       "      <td>15.2</td>\n",
       "      <td>8.836</td>\n",
       "    </tr>\n",
       "    <tr>\n",
       "      <th>110</th>\n",
       "      <td>3</td>\n",
       "      <td>11.9</td>\n",
       "      <td>8.918</td>\n",
       "    </tr>\n",
       "    <tr>\n",
       "      <th>5</th>\n",
       "      <td>2</td>\n",
       "      <td>11.0</td>\n",
       "      <td>8.991</td>\n",
       "    </tr>\n",
       "    <tr>\n",
       "      <th>69</th>\n",
       "      <td>32</td>\n",
       "      <td>22.4</td>\n",
       "      <td>9.644</td>\n",
       "    </tr>\n",
       "    <tr>\n",
       "      <th>116</th>\n",
       "      <td>1</td>\n",
       "      <td>11.3</td>\n",
       "      <td>10.253</td>\n",
       "    </tr>\n",
       "    <tr>\n",
       "      <th>4</th>\n",
       "      <td>2</td>\n",
       "      <td>12.4</td>\n",
       "      <td>10.390</td>\n",
       "    </tr>\n",
       "    <tr>\n",
       "      <th>85</th>\n",
       "      <td>12</td>\n",
       "      <td>23.2</td>\n",
       "      <td>11.233</td>\n",
       "    </tr>\n",
       "    <tr>\n",
       "      <th>171</th>\n",
       "      <td>19</td>\n",
       "      <td>7.2</td>\n",
       "      <td>11.756</td>\n",
       "    </tr>\n",
       "    <tr>\n",
       "      <th>91</th>\n",
       "      <td>4</td>\n",
       "      <td>16.7</td>\n",
       "      <td>12.745</td>\n",
       "    </tr>\n",
       "  </tbody>\n",
       "</table>\n",
       "</div>"
      ],
      "text/plain": [
       "     y_test  y_pred    diff\n",
       "112      26    25.9   0.104\n",
       "97       24    23.7   0.309\n",
       "151      14    11.7   2.347\n",
       "106       9     6.6   2.441\n",
       "107       8     5.4   2.555\n",
       "14       10     7.2   2.761\n",
       "95       16    19.2   3.220\n",
       "150      28    24.4   3.576\n",
       "155       9    12.7   3.747\n",
       "75        9    13.0   4.003\n",
       "35        4     8.2   4.206\n",
       "29        3     7.3   4.254\n",
       "31       26    21.7   4.271\n",
       "11       11     6.5   4.538\n",
       "16       19    23.7   4.709\n",
       "19        4     9.0   4.983\n",
       "158      15     9.8   5.192\n",
       "114       1     6.8   5.806\n",
       "153      16    10.2   5.835\n",
       "53        1     6.9   5.903\n",
       "102       3     9.2   6.156\n",
       "120       5    11.3   6.346\n",
       "125      20    13.3   6.679\n",
       "47        8    16.0   7.990\n",
       "51        2    10.0   8.006\n",
       "42        5    13.2   8.211\n",
       "40        4    12.4   8.413\n",
       "73       24    15.2   8.836\n",
       "110       3    11.9   8.918\n",
       "5         2    11.0   8.991\n",
       "69       32    22.4   9.644\n",
       "116       1    11.3  10.253\n",
       "4         2    12.4  10.390\n",
       "85       12    23.2  11.233\n",
       "171      19     7.2  11.756\n",
       "91        4    16.7  12.745"
      ]
     },
     "execution_count": 101,
     "metadata": {},
     "output_type": "execute_result"
    }
   ],
   "source": [
    "new_df"
   ]
  },
  {
   "cell_type": "code",
   "execution_count": 102,
   "metadata": {},
   "outputs": [],
   "source": [
    "yvals_df = new_df.sort_values(by='y_pred', ascending=True)"
   ]
  },
  {
   "cell_type": "code",
   "execution_count": 103,
   "metadata": {
    "scrolled": true
   },
   "outputs": [
    {
     "data": {
      "text/html": [
       "<div>\n",
       "<style scoped>\n",
       "    .dataframe tbody tr th:only-of-type {\n",
       "        vertical-align: middle;\n",
       "    }\n",
       "\n",
       "    .dataframe tbody tr th {\n",
       "        vertical-align: top;\n",
       "    }\n",
       "\n",
       "    .dataframe thead th {\n",
       "        text-align: right;\n",
       "    }\n",
       "</style>\n",
       "<table border=\"1\" class=\"dataframe\">\n",
       "  <thead>\n",
       "    <tr style=\"text-align: right;\">\n",
       "      <th></th>\n",
       "      <th>y_test</th>\n",
       "      <th>y_pred</th>\n",
       "      <th>diff</th>\n",
       "    </tr>\n",
       "  </thead>\n",
       "  <tbody>\n",
       "    <tr>\n",
       "      <th>107</th>\n",
       "      <td>8</td>\n",
       "      <td>5.4</td>\n",
       "      <td>2.555</td>\n",
       "    </tr>\n",
       "    <tr>\n",
       "      <th>11</th>\n",
       "      <td>11</td>\n",
       "      <td>6.5</td>\n",
       "      <td>4.538</td>\n",
       "    </tr>\n",
       "    <tr>\n",
       "      <th>106</th>\n",
       "      <td>9</td>\n",
       "      <td>6.6</td>\n",
       "      <td>2.441</td>\n",
       "    </tr>\n",
       "    <tr>\n",
       "      <th>114</th>\n",
       "      <td>1</td>\n",
       "      <td>6.8</td>\n",
       "      <td>5.806</td>\n",
       "    </tr>\n",
       "    <tr>\n",
       "      <th>53</th>\n",
       "      <td>1</td>\n",
       "      <td>6.9</td>\n",
       "      <td>5.903</td>\n",
       "    </tr>\n",
       "    <tr>\n",
       "      <th>14</th>\n",
       "      <td>10</td>\n",
       "      <td>7.2</td>\n",
       "      <td>2.761</td>\n",
       "    </tr>\n",
       "    <tr>\n",
       "      <th>171</th>\n",
       "      <td>19</td>\n",
       "      <td>7.2</td>\n",
       "      <td>11.756</td>\n",
       "    </tr>\n",
       "    <tr>\n",
       "      <th>29</th>\n",
       "      <td>3</td>\n",
       "      <td>7.3</td>\n",
       "      <td>4.254</td>\n",
       "    </tr>\n",
       "    <tr>\n",
       "      <th>35</th>\n",
       "      <td>4</td>\n",
       "      <td>8.2</td>\n",
       "      <td>4.206</td>\n",
       "    </tr>\n",
       "    <tr>\n",
       "      <th>19</th>\n",
       "      <td>4</td>\n",
       "      <td>9.0</td>\n",
       "      <td>4.983</td>\n",
       "    </tr>\n",
       "    <tr>\n",
       "      <th>102</th>\n",
       "      <td>3</td>\n",
       "      <td>9.2</td>\n",
       "      <td>6.156</td>\n",
       "    </tr>\n",
       "    <tr>\n",
       "      <th>158</th>\n",
       "      <td>15</td>\n",
       "      <td>9.8</td>\n",
       "      <td>5.192</td>\n",
       "    </tr>\n",
       "    <tr>\n",
       "      <th>51</th>\n",
       "      <td>2</td>\n",
       "      <td>10.0</td>\n",
       "      <td>8.006</td>\n",
       "    </tr>\n",
       "    <tr>\n",
       "      <th>153</th>\n",
       "      <td>16</td>\n",
       "      <td>10.2</td>\n",
       "      <td>5.835</td>\n",
       "    </tr>\n",
       "    <tr>\n",
       "      <th>5</th>\n",
       "      <td>2</td>\n",
       "      <td>11.0</td>\n",
       "      <td>8.991</td>\n",
       "    </tr>\n",
       "    <tr>\n",
       "      <th>116</th>\n",
       "      <td>1</td>\n",
       "      <td>11.3</td>\n",
       "      <td>10.253</td>\n",
       "    </tr>\n",
       "    <tr>\n",
       "      <th>120</th>\n",
       "      <td>5</td>\n",
       "      <td>11.3</td>\n",
       "      <td>6.346</td>\n",
       "    </tr>\n",
       "    <tr>\n",
       "      <th>151</th>\n",
       "      <td>14</td>\n",
       "      <td>11.7</td>\n",
       "      <td>2.347</td>\n",
       "    </tr>\n",
       "    <tr>\n",
       "      <th>110</th>\n",
       "      <td>3</td>\n",
       "      <td>11.9</td>\n",
       "      <td>8.918</td>\n",
       "    </tr>\n",
       "    <tr>\n",
       "      <th>4</th>\n",
       "      <td>2</td>\n",
       "      <td>12.4</td>\n",
       "      <td>10.390</td>\n",
       "    </tr>\n",
       "    <tr>\n",
       "      <th>40</th>\n",
       "      <td>4</td>\n",
       "      <td>12.4</td>\n",
       "      <td>8.413</td>\n",
       "    </tr>\n",
       "    <tr>\n",
       "      <th>155</th>\n",
       "      <td>9</td>\n",
       "      <td>12.7</td>\n",
       "      <td>3.747</td>\n",
       "    </tr>\n",
       "    <tr>\n",
       "      <th>75</th>\n",
       "      <td>9</td>\n",
       "      <td>13.0</td>\n",
       "      <td>4.003</td>\n",
       "    </tr>\n",
       "    <tr>\n",
       "      <th>42</th>\n",
       "      <td>5</td>\n",
       "      <td>13.2</td>\n",
       "      <td>8.211</td>\n",
       "    </tr>\n",
       "    <tr>\n",
       "      <th>125</th>\n",
       "      <td>20</td>\n",
       "      <td>13.3</td>\n",
       "      <td>6.679</td>\n",
       "    </tr>\n",
       "    <tr>\n",
       "      <th>73</th>\n",
       "      <td>24</td>\n",
       "      <td>15.2</td>\n",
       "      <td>8.836</td>\n",
       "    </tr>\n",
       "    <tr>\n",
       "      <th>47</th>\n",
       "      <td>8</td>\n",
       "      <td>16.0</td>\n",
       "      <td>7.990</td>\n",
       "    </tr>\n",
       "    <tr>\n",
       "      <th>91</th>\n",
       "      <td>4</td>\n",
       "      <td>16.7</td>\n",
       "      <td>12.745</td>\n",
       "    </tr>\n",
       "    <tr>\n",
       "      <th>95</th>\n",
       "      <td>16</td>\n",
       "      <td>19.2</td>\n",
       "      <td>3.220</td>\n",
       "    </tr>\n",
       "    <tr>\n",
       "      <th>31</th>\n",
       "      <td>26</td>\n",
       "      <td>21.7</td>\n",
       "      <td>4.271</td>\n",
       "    </tr>\n",
       "    <tr>\n",
       "      <th>69</th>\n",
       "      <td>32</td>\n",
       "      <td>22.4</td>\n",
       "      <td>9.644</td>\n",
       "    </tr>\n",
       "    <tr>\n",
       "      <th>85</th>\n",
       "      <td>12</td>\n",
       "      <td>23.2</td>\n",
       "      <td>11.233</td>\n",
       "    </tr>\n",
       "    <tr>\n",
       "      <th>97</th>\n",
       "      <td>24</td>\n",
       "      <td>23.7</td>\n",
       "      <td>0.309</td>\n",
       "    </tr>\n",
       "    <tr>\n",
       "      <th>16</th>\n",
       "      <td>19</td>\n",
       "      <td>23.7</td>\n",
       "      <td>4.709</td>\n",
       "    </tr>\n",
       "    <tr>\n",
       "      <th>150</th>\n",
       "      <td>28</td>\n",
       "      <td>24.4</td>\n",
       "      <td>3.576</td>\n",
       "    </tr>\n",
       "    <tr>\n",
       "      <th>112</th>\n",
       "      <td>26</td>\n",
       "      <td>25.9</td>\n",
       "      <td>0.104</td>\n",
       "    </tr>\n",
       "  </tbody>\n",
       "</table>\n",
       "</div>"
      ],
      "text/plain": [
       "     y_test  y_pred    diff\n",
       "107       8     5.4   2.555\n",
       "11       11     6.5   4.538\n",
       "106       9     6.6   2.441\n",
       "114       1     6.8   5.806\n",
       "53        1     6.9   5.903\n",
       "14       10     7.2   2.761\n",
       "171      19     7.2  11.756\n",
       "29        3     7.3   4.254\n",
       "35        4     8.2   4.206\n",
       "19        4     9.0   4.983\n",
       "102       3     9.2   6.156\n",
       "158      15     9.8   5.192\n",
       "51        2    10.0   8.006\n",
       "153      16    10.2   5.835\n",
       "5         2    11.0   8.991\n",
       "116       1    11.3  10.253\n",
       "120       5    11.3   6.346\n",
       "151      14    11.7   2.347\n",
       "110       3    11.9   8.918\n",
       "4         2    12.4  10.390\n",
       "40        4    12.4   8.413\n",
       "155       9    12.7   3.747\n",
       "75        9    13.0   4.003\n",
       "42        5    13.2   8.211\n",
       "125      20    13.3   6.679\n",
       "73       24    15.2   8.836\n",
       "47        8    16.0   7.990\n",
       "91        4    16.7  12.745\n",
       "95       16    19.2   3.220\n",
       "31       26    21.7   4.271\n",
       "69       32    22.4   9.644\n",
       "85       12    23.2  11.233\n",
       "97       24    23.7   0.309\n",
       "16       19    23.7   4.709\n",
       "150      28    24.4   3.576\n",
       "112      26    25.9   0.104"
      ]
     },
     "execution_count": 103,
     "metadata": {},
     "output_type": "execute_result"
    }
   ],
   "source": [
    "yvals_df"
   ]
  },
  {
   "cell_type": "code",
   "execution_count": 104,
   "metadata": {},
   "outputs": [],
   "source": [
    "ytest_df = new_df.sort_values(by='y_test', ascending=True)"
   ]
  },
  {
   "cell_type": "code",
   "execution_count": 105,
   "metadata": {},
   "outputs": [
    {
     "data": {
      "text/html": [
       "<div>\n",
       "<style scoped>\n",
       "    .dataframe tbody tr th:only-of-type {\n",
       "        vertical-align: middle;\n",
       "    }\n",
       "\n",
       "    .dataframe tbody tr th {\n",
       "        vertical-align: top;\n",
       "    }\n",
       "\n",
       "    .dataframe thead th {\n",
       "        text-align: right;\n",
       "    }\n",
       "</style>\n",
       "<table border=\"1\" class=\"dataframe\">\n",
       "  <thead>\n",
       "    <tr style=\"text-align: right;\">\n",
       "      <th></th>\n",
       "      <th>y_test</th>\n",
       "      <th>y_pred</th>\n",
       "      <th>diff</th>\n",
       "    </tr>\n",
       "  </thead>\n",
       "  <tbody>\n",
       "    <tr>\n",
       "      <th>114</th>\n",
       "      <td>1</td>\n",
       "      <td>6.8</td>\n",
       "      <td>5.806</td>\n",
       "    </tr>\n",
       "    <tr>\n",
       "      <th>116</th>\n",
       "      <td>1</td>\n",
       "      <td>11.3</td>\n",
       "      <td>10.253</td>\n",
       "    </tr>\n",
       "    <tr>\n",
       "      <th>53</th>\n",
       "      <td>1</td>\n",
       "      <td>6.9</td>\n",
       "      <td>5.903</td>\n",
       "    </tr>\n",
       "    <tr>\n",
       "      <th>4</th>\n",
       "      <td>2</td>\n",
       "      <td>12.4</td>\n",
       "      <td>10.390</td>\n",
       "    </tr>\n",
       "    <tr>\n",
       "      <th>5</th>\n",
       "      <td>2</td>\n",
       "      <td>11.0</td>\n",
       "      <td>8.991</td>\n",
       "    </tr>\n",
       "    <tr>\n",
       "      <th>51</th>\n",
       "      <td>2</td>\n",
       "      <td>10.0</td>\n",
       "      <td>8.006</td>\n",
       "    </tr>\n",
       "    <tr>\n",
       "      <th>110</th>\n",
       "      <td>3</td>\n",
       "      <td>11.9</td>\n",
       "      <td>8.918</td>\n",
       "    </tr>\n",
       "    <tr>\n",
       "      <th>102</th>\n",
       "      <td>3</td>\n",
       "      <td>9.2</td>\n",
       "      <td>6.156</td>\n",
       "    </tr>\n",
       "    <tr>\n",
       "      <th>29</th>\n",
       "      <td>3</td>\n",
       "      <td>7.3</td>\n",
       "      <td>4.254</td>\n",
       "    </tr>\n",
       "    <tr>\n",
       "      <th>40</th>\n",
       "      <td>4</td>\n",
       "      <td>12.4</td>\n",
       "      <td>8.413</td>\n",
       "    </tr>\n",
       "    <tr>\n",
       "      <th>19</th>\n",
       "      <td>4</td>\n",
       "      <td>9.0</td>\n",
       "      <td>4.983</td>\n",
       "    </tr>\n",
       "    <tr>\n",
       "      <th>91</th>\n",
       "      <td>4</td>\n",
       "      <td>16.7</td>\n",
       "      <td>12.745</td>\n",
       "    </tr>\n",
       "    <tr>\n",
       "      <th>35</th>\n",
       "      <td>4</td>\n",
       "      <td>8.2</td>\n",
       "      <td>4.206</td>\n",
       "    </tr>\n",
       "    <tr>\n",
       "      <th>120</th>\n",
       "      <td>5</td>\n",
       "      <td>11.3</td>\n",
       "      <td>6.346</td>\n",
       "    </tr>\n",
       "    <tr>\n",
       "      <th>42</th>\n",
       "      <td>5</td>\n",
       "      <td>13.2</td>\n",
       "      <td>8.211</td>\n",
       "    </tr>\n",
       "    <tr>\n",
       "      <th>107</th>\n",
       "      <td>8</td>\n",
       "      <td>5.4</td>\n",
       "      <td>2.555</td>\n",
       "    </tr>\n",
       "    <tr>\n",
       "      <th>47</th>\n",
       "      <td>8</td>\n",
       "      <td>16.0</td>\n",
       "      <td>7.990</td>\n",
       "    </tr>\n",
       "    <tr>\n",
       "      <th>155</th>\n",
       "      <td>9</td>\n",
       "      <td>12.7</td>\n",
       "      <td>3.747</td>\n",
       "    </tr>\n",
       "    <tr>\n",
       "      <th>75</th>\n",
       "      <td>9</td>\n",
       "      <td>13.0</td>\n",
       "      <td>4.003</td>\n",
       "    </tr>\n",
       "    <tr>\n",
       "      <th>106</th>\n",
       "      <td>9</td>\n",
       "      <td>6.6</td>\n",
       "      <td>2.441</td>\n",
       "    </tr>\n",
       "    <tr>\n",
       "      <th>14</th>\n",
       "      <td>10</td>\n",
       "      <td>7.2</td>\n",
       "      <td>2.761</td>\n",
       "    </tr>\n",
       "    <tr>\n",
       "      <th>11</th>\n",
       "      <td>11</td>\n",
       "      <td>6.5</td>\n",
       "      <td>4.538</td>\n",
       "    </tr>\n",
       "    <tr>\n",
       "      <th>85</th>\n",
       "      <td>12</td>\n",
       "      <td>23.2</td>\n",
       "      <td>11.233</td>\n",
       "    </tr>\n",
       "    <tr>\n",
       "      <th>151</th>\n",
       "      <td>14</td>\n",
       "      <td>11.7</td>\n",
       "      <td>2.347</td>\n",
       "    </tr>\n",
       "    <tr>\n",
       "      <th>158</th>\n",
       "      <td>15</td>\n",
       "      <td>9.8</td>\n",
       "      <td>5.192</td>\n",
       "    </tr>\n",
       "    <tr>\n",
       "      <th>153</th>\n",
       "      <td>16</td>\n",
       "      <td>10.2</td>\n",
       "      <td>5.835</td>\n",
       "    </tr>\n",
       "    <tr>\n",
       "      <th>95</th>\n",
       "      <td>16</td>\n",
       "      <td>19.2</td>\n",
       "      <td>3.220</td>\n",
       "    </tr>\n",
       "    <tr>\n",
       "      <th>171</th>\n",
       "      <td>19</td>\n",
       "      <td>7.2</td>\n",
       "      <td>11.756</td>\n",
       "    </tr>\n",
       "    <tr>\n",
       "      <th>16</th>\n",
       "      <td>19</td>\n",
       "      <td>23.7</td>\n",
       "      <td>4.709</td>\n",
       "    </tr>\n",
       "    <tr>\n",
       "      <th>125</th>\n",
       "      <td>20</td>\n",
       "      <td>13.3</td>\n",
       "      <td>6.679</td>\n",
       "    </tr>\n",
       "    <tr>\n",
       "      <th>97</th>\n",
       "      <td>24</td>\n",
       "      <td>23.7</td>\n",
       "      <td>0.309</td>\n",
       "    </tr>\n",
       "    <tr>\n",
       "      <th>73</th>\n",
       "      <td>24</td>\n",
       "      <td>15.2</td>\n",
       "      <td>8.836</td>\n",
       "    </tr>\n",
       "    <tr>\n",
       "      <th>31</th>\n",
       "      <td>26</td>\n",
       "      <td>21.7</td>\n",
       "      <td>4.271</td>\n",
       "    </tr>\n",
       "    <tr>\n",
       "      <th>112</th>\n",
       "      <td>26</td>\n",
       "      <td>25.9</td>\n",
       "      <td>0.104</td>\n",
       "    </tr>\n",
       "    <tr>\n",
       "      <th>150</th>\n",
       "      <td>28</td>\n",
       "      <td>24.4</td>\n",
       "      <td>3.576</td>\n",
       "    </tr>\n",
       "    <tr>\n",
       "      <th>69</th>\n",
       "      <td>32</td>\n",
       "      <td>22.4</td>\n",
       "      <td>9.644</td>\n",
       "    </tr>\n",
       "  </tbody>\n",
       "</table>\n",
       "</div>"
      ],
      "text/plain": [
       "     y_test  y_pred    diff\n",
       "114       1     6.8   5.806\n",
       "116       1    11.3  10.253\n",
       "53        1     6.9   5.903\n",
       "4         2    12.4  10.390\n",
       "5         2    11.0   8.991\n",
       "51        2    10.0   8.006\n",
       "110       3    11.9   8.918\n",
       "102       3     9.2   6.156\n",
       "29        3     7.3   4.254\n",
       "40        4    12.4   8.413\n",
       "19        4     9.0   4.983\n",
       "91        4    16.7  12.745\n",
       "35        4     8.2   4.206\n",
       "120       5    11.3   6.346\n",
       "42        5    13.2   8.211\n",
       "107       8     5.4   2.555\n",
       "47        8    16.0   7.990\n",
       "155       9    12.7   3.747\n",
       "75        9    13.0   4.003\n",
       "106       9     6.6   2.441\n",
       "14       10     7.2   2.761\n",
       "11       11     6.5   4.538\n",
       "85       12    23.2  11.233\n",
       "151      14    11.7   2.347\n",
       "158      15     9.8   5.192\n",
       "153      16    10.2   5.835\n",
       "95       16    19.2   3.220\n",
       "171      19     7.2  11.756\n",
       "16       19    23.7   4.709\n",
       "125      20    13.3   6.679\n",
       "97       24    23.7   0.309\n",
       "73       24    15.2   8.836\n",
       "31       26    21.7   4.271\n",
       "112      26    25.9   0.104\n",
       "150      28    24.4   3.576\n",
       "69       32    22.4   9.644"
      ]
     },
     "execution_count": 105,
     "metadata": {},
     "output_type": "execute_result"
    }
   ],
   "source": [
    "ytest_df"
   ]
  },
  {
   "cell_type": "code",
   "execution_count": 73,
   "metadata": {},
   "outputs": [
    {
     "data": {
      "text/plain": [
       "18.0"
      ]
     },
     "execution_count": 73,
     "metadata": {},
     "output_type": "execute_result"
    }
   ],
   "source": [
    "len(new_df)/2"
   ]
  },
  {
   "cell_type": "code",
   "execution_count": 74,
   "metadata": {
    "scrolled": false
   },
   "outputs": [
    {
     "data": {
      "text/html": [
       "<div>\n",
       "<style scoped>\n",
       "    .dataframe tbody tr th:only-of-type {\n",
       "        vertical-align: middle;\n",
       "    }\n",
       "\n",
       "    .dataframe tbody tr th {\n",
       "        vertical-align: top;\n",
       "    }\n",
       "\n",
       "    .dataframe thead th {\n",
       "        text-align: right;\n",
       "    }\n",
       "</style>\n",
       "<table border=\"1\" class=\"dataframe\">\n",
       "  <thead>\n",
       "    <tr style=\"text-align: right;\">\n",
       "      <th></th>\n",
       "      <th>y_test</th>\n",
       "      <th>y_pred</th>\n",
       "      <th>diff</th>\n",
       "    </tr>\n",
