{
 "cells": [
  {
   "cell_type": "markdown",
   "metadata": {},
   "source": [
    "https://medium.com/@serkanemreelci/feature-engineering-and-linear-regression-470dd9879e37"
   ]
  },
  {
   "cell_type": "code",
   "execution_count": 160,
   "metadata": {},
   "outputs": [],
   "source": [
    "import pandas as pd\n",
    "import numpy as np\n",
    "from sklearn.model_selection import train_test_split\n",
    "from sklearn.metrics import mean_squared_error\n",
    "from sklearn.metrics import r2_score\n",
    "from sklearn.metrics import mean_absolute_error\n",
    "from sklearn.metrics import mean_absolute_percentage_error\n",
    "import seaborn as sns\n",
    "from sklearn import linear_model\n",
    "from sklearn.linear_model import LinearRegression"
   ]
  },
  {
   "cell_type": "code",
   "execution_count": 161,
   "metadata": {},
   "outputs": [],
   "source": [
    "df = pd.read_csv('hotData.csv')"
   ]
  },
  {
   "cell_type": "code",
   "execution_count": 162,
   "metadata": {},
   "outputs": [],
   "source": [
    "y = df['results']\n",
    "X = df.drop(columns=['results'])\n",
    "\n",
    "# X_train, X_test, y_train, y_test = train_test_split(\n",
    "#      X, y, test_size=0.15, random_state=1)"
   ]
  },
  {
   "cell_type": "code",
   "execution_count": 188,
   "metadata": {},
   "outputs": [],
   "source": [
    "remaining_x = X.iloc[:, 16:]"
   ]
  },
  {
   "cell_type": "code",
   "execution_count": 163,
   "metadata": {},
   "outputs": [
    {
     "data": {
      "text/html": [
       "<div>\n",
       "<style scoped>\n",
       "    .dataframe tbody tr th:only-of-type {\n",
       "        vertical-align: middle;\n",
       "    }\n",
       "\n",
       "    .dataframe tbody tr th {\n",
       "        vertical-align: top;\n",
       "    }\n",
       "\n",
       "    .dataframe thead th {\n",
       "        text-align: right;\n",
       "    }\n",
       "</style>\n",
       "<table border=\"1\" class=\"dataframe\">\n",
       "  <thead>\n",
       "    <tr style=\"text-align: right;\">\n",
       "      <th></th>\n",
       "      <th>goals</th>\n",
       "      <th>xg</th>\n",
       "      <th>crosses</th>\n",
       "      <th>boxtouches</th>\n",
       "      <th>passes</th>\n",
       "      <th>progpasses</th>\n",
       "      <th>takeons</th>\n",
       "      <th>progruns</th>\n",
       "      <th>tackles</th>\n",
       "      <th>interceptions</th>\n",
       "      <th>clearances</th>\n",
       "      <th>blocks</th>\n",
       "      <th>aerials</th>\n",
       "      <th>fouls</th>\n",
       "      <th>fouled</th>\n",
       "      <th>nsxg</th>\n",
       "    </tr>\n",
       "  </thead>\n",
       "  <tbody>\n",
       "    <tr>\n",
       "      <th>0</th>\n",
       "      <td>-0.040769</td>\n",
       "      <td>-0.080000</td>\n",
       "      <td>0.228462</td>\n",
       "      <td>0.070000</td>\n",
       "      <td>0.129231</td>\n",
       "      <td>-0.080000</td>\n",
       "      <td>0.228462</td>\n",
       "      <td>0.196923</td>\n",
       "      <td>-0.052308</td>\n",
       "      <td>-0.171538</td>\n",
       "      <td>0.363846</td>\n",
       "      <td>-0.180769</td>\n",
       "      <td>0.694615</td>\n",
       "      <td>0.533077</td>\n",
       "      <td>0.036923</td>\n",
       "      <td>-0.096154</td>\n",
       "    </tr>\n",
       "    <tr>\n",
       "      <th>1</th>\n",
       "      <td>-0.247692</td>\n",
       "      <td>-0.058462</td>\n",
       "      <td>0.023077</td>\n",
       "      <td>-0.005385</td>\n",
       "      <td>-0.083077</td>\n",
       "      <td>-0.176154</td>\n",
       "      <td>0.573846</td>\n",
       "      <td>-0.158462</td>\n",
       "      <td>-0.038462</td>\n",
       "      <td>-0.166923</td>\n",
       "      <td>-0.096923</td>\n",
       "      <td>0.683077</td>\n",
       "      <td>-0.409231</td>\n",
       "      <td>-0.192308</td>\n",
       "      <td>-0.297692</td>\n",
       "      <td>0.074615</td>\n",
       "    </tr>\n",
       "    <tr>\n",
       "      <th>2</th>\n",
       "      <td>0.055385</td>\n",
       "      <td>0.266154</td>\n",
       "      <td>0.076923</td>\n",
       "      <td>0.214615</td>\n",
       "      <td>0.210000</td>\n",
       "      <td>0.326923</td>\n",
       "      <td>-0.112308</td>\n",
       "      <td>0.261538</td>\n",
       "      <td>0.226923</td>\n",
       "      <td>0.198462</td>\n",
       "      <td>-0.106923</td>\n",
       "      <td>0.733846</td>\n",
       "      <td>0.142308</td>\n",
       "      <td>-0.063077</td>\n",
       "      <td>-0.373846</td>\n",
       "      <td>0.002308</td>\n",
       "    </tr>\n",
       "    <tr>\n",
       "      <th>3</th>\n",
       "      <td>0.781538</td>\n",
       "      <td>0.256154</td>\n",
       "      <td>0.016923</td>\n",
       "      <td>0.298462</td>\n",
       "      <td>-0.303077</td>\n",
       "      <td>-0.243846</td>\n",
       "      <td>0.117692</td>\n",
       "      <td>0.115385</td>\n",
       "      <td>-0.035385</td>\n",
       "      <td>-0.245385</td>\n",
       "      <td>-0.143077</td>\n",
       "      <td>-0.047692</td>\n",
       "      <td>-0.237692</td>\n",
       "      <td>0.343846</td>\n",
       "      <td>0.417692</td>\n",
       "      <td>0.353077</td>\n",
       "    </tr>\n",
       "    <tr>\n",
       "      <th>4</th>\n",
       "      <td>0.472308</td>\n",
       "      <td>0.458462</td>\n",
       "      <td>-0.023846</td>\n",
       "      <td>0.078462</td>\n",
       "      <td>0.416923</td>\n",
       "      <td>0.273846</td>\n",
       "      <td>0.693077</td>\n",
       "      <td>0.513077</td>\n",
       "      <td>0.130000</td>\n",
       "      <td>0.178462</td>\n",
       "      <td>-0.239231</td>\n",
       "      <td>0.021538</td>\n",
       "      <td>-0.318462</td>\n",
       "      <td>0.204615</td>\n",
       "      <td>0.463077</td>\n",
       "      <td>0.521538</td>\n",
       "    </tr>\n",
       "    <tr>\n",
       "      <th>...</th>\n",
       "      <td>...</td>\n",
       "      <td>...</td>\n",
       "      <td>...</td>\n",
       "      <td>...</td>\n",
       "      <td>...</td>\n",
       "      <td>...</td>\n",
       "      <td>...</td>\n",
       "      <td>...</td>\n",
       "      <td>...</td>\n",
       "      <td>...</td>\n",
       "      <td>...</td>\n",
       "      <td>...</td>\n",
       "      <td>...</td>\n",
       "      <td>...</td>\n",
       "      <td>...</td>\n",
       "      <td>...</td>\n",
       "    </tr>\n",
       "    <tr>\n",
       "      <th>275</th>\n",
       "      <td>-0.093077</td>\n",
       "      <td>-0.197692</td>\n",
       "      <td>-0.366923</td>\n",
       "      <td>-0.434615</td>\n",
       "      <td>0.531538</td>\n",
       "      <td>0.181538</td>\n",
       "      <td>-0.248462</td>\n",
       "      <td>-0.085385</td>\n",
       "      <td>0.169231</td>\n",
       "      <td>0.879231</td>\n",
       "      <td>-0.082308</td>\n",
       "      <td>0.463077</td>\n",
       "      <td>-0.289231</td>\n",
       "      <td>0.077692</td>\n",
       "      <td>0.267692</td>\n",
       "      <td>-0.443077</td>\n",
       "    </tr>\n",
       "    <tr>\n",
       "      <th>276</th>\n",
       "      <td>0.689231</td>\n",
       "      <td>0.773846</td>\n",
       "      <td>-0.020769</td>\n",
       "      <td>0.551538</td>\n",
       "      <td>-0.054615</td>\n",
       "      <td>-0.101538</td>\n",
       "      <td>-0.112308</td>\n",
       "      <td>-0.080000</td>\n",
       "      <td>0.333077</td>\n",
       "      <td>0.871538</td>\n",
       "      <td>-0.318462</td>\n",
       "      <td>0.173077</td>\n",
       "      <td>0.363846</td>\n",
       "      <td>-0.326923</td>\n",
       "      <td>-0.166923</td>\n",
       "      <td>0.448462</td>\n",
       "    </tr>\n",
       "    <tr>\n",
       "      <th>277</th>\n",
       "      <td>0.243846</td>\n",
       "      <td>0.064615</td>\n",
       "      <td>0.097692</td>\n",
       "      <td>0.312308</td>\n",
       "      <td>0.330769</td>\n",
       "      <td>0.399231</td>\n",
       "      <td>0.216154</td>\n",
       "      <td>-0.051538</td>\n",
       "      <td>0.349231</td>\n",
       "      <td>0.529231</td>\n",
       "      <td>0.266923</td>\n",
       "      <td>0.176154</td>\n",
       "      <td>-0.012308</td>\n",
       "      <td>0.509231</td>\n",
       "      <td>-0.030769</td>\n",
       "      <td>0.190000</td>\n",
       "    </tr>\n",
       "    <tr>\n",
       "      <th>278</th>\n",
       "      <td>-0.040769</td>\n",
       "      <td>0.086154</td>\n",
       "      <td>0.800000</td>\n",
       "      <td>0.509231</td>\n",
       "      <td>0.105385</td>\n",
       "      <td>0.273077</td>\n",
       "      <td>-0.303846</td>\n",
       "      <td>0.075385</td>\n",
       "      <td>-0.152308</td>\n",
       "      <td>0.050769</td>\n",
       "      <td>-0.252308</td>\n",
       "      <td>-0.076923</td>\n",
       "      <td>0.296923</td>\n",
       "      <td>0.257692</td>\n",
       "      <td>-0.244615</td>\n",
       "      <td>0.475385</td>\n",
       "    </tr>\n",
       "    <tr>\n",
       "      <th>279</th>\n",
       "      <td>0.264615</td>\n",
       "      <td>0.005385</td>\n",
       "      <td>-0.148462</td>\n",
       "      <td>-0.049231</td>\n",
       "      <td>-0.178462</td>\n",
       "      <td>-0.246923</td>\n",
       "      <td>-0.060000</td>\n",
       "      <td>-0.232308</td>\n",
       "      <td>-0.256923</td>\n",
       "      <td>-0.500769</td>\n",
       "      <td>-0.033077</td>\n",
       "      <td>-0.042308</td>\n",
       "      <td>0.093846</td>\n",
       "      <td>0.049231</td>\n",
       "      <td>-0.100769</td>\n",
       "      <td>-0.183846</td>\n",
       "    </tr>\n",
       "  </tbody>\n",
       "</table>\n",
       "<p>280 rows × 16 columns</p>\n",
       "</div>"
      ],
      "text/plain": [
       "        goals        xg   crosses  boxtouches    passes  progpasses   takeons  \\\n",
       "0   -0.040769 -0.080000  0.228462    0.070000  0.129231   -0.080000  0.228462   \n",
       "1   -0.247692 -0.058462  0.023077   -0.005385 -0.083077   -0.176154  0.573846   \n",
       "2    0.055385  0.266154  0.076923    0.214615  0.210000    0.326923 -0.112308   \n",
       "3    0.781538  0.256154  0.016923    0.298462 -0.303077   -0.243846  0.117692   \n",
       "4    0.472308  0.458462 -0.023846    0.078462  0.416923    0.273846  0.693077   \n",
       "..        ...       ...       ...         ...       ...         ...       ...   \n",
       "275 -0.093077 -0.197692 -0.366923   -0.434615  0.531538    0.181538 -0.248462   \n",
       "276  0.689231  0.773846 -0.020769    0.551538 -0.054615   -0.101538 -0.112308   \n",
       "277  0.243846  0.064615  0.097692    0.312308  0.330769    0.399231  0.216154   \n",
       "278 -0.040769  0.086154  0.800000    0.509231  0.105385    0.273077 -0.303846   \n",
       "279  0.264615  0.005385 -0.148462   -0.049231 -0.178462   -0.246923 -0.060000   \n",
       "\n",
       "     progruns   tackles  interceptions  clearances    blocks   aerials  \\\n",
       "0    0.196923 -0.052308      -0.171538    0.363846 -0.180769  0.694615   \n",
       "1   -0.158462 -0.038462      -0.166923   -0.096923  0.683077 -0.409231   \n",
       "2    0.261538  0.226923       0.198462   -0.106923  0.733846  0.142308   \n",
       "3    0.115385 -0.035385      -0.245385   -0.143077 -0.047692 -0.237692   \n",
       "4    0.513077  0.130000       0.178462   -0.239231  0.021538 -0.318462   \n",
       "..        ...       ...            ...         ...       ...       ...   \n",
       "275 -0.085385  0.169231       0.879231   -0.082308  0.463077 -0.289231   \n",
       "276 -0.080000  0.333077       0.871538   -0.318462  0.173077  0.363846   \n",
       "277 -0.051538  0.349231       0.529231    0.266923  0.176154 -0.012308   \n",
       "278  0.075385 -0.152308       0.050769   -0.252308 -0.076923  0.296923   \n",
       "279 -0.232308 -0.256923      -0.500769   -0.033077 -0.042308  0.093846   \n",
       "\n",
       "        fouls    fouled      nsxg  \n",
       "0    0.533077  0.036923 -0.096154  \n",
       "1   -0.192308 -0.297692  0.074615  \n",
       "2   -0.063077 -0.373846  0.002308  \n",
       "3    0.343846  0.417692  0.353077  \n",
       "4    0.204615  0.463077  0.521538  \n",
       "..        ...       ...       ...  \n",
       "275  0.077692  0.267692 -0.443077  \n",
       "276 -0.326923 -0.166923  0.448462  \n",
       "277  0.509231 -0.030769  0.190000  \n",
       "278  0.257692 -0.244615  0.475385  \n",
       "279  0.049231 -0.100769 -0.183846  \n",
       "\n",
       "[280 rows x 16 columns]"
      ]
     },
     "execution_count": 163,
     "metadata": {},
     "output_type": "execute_result"
    }
   ],
   "source": [
    "X.iloc[:, :16]"
   ]
  },
  {
   "cell_type": "code",
   "execution_count": 164,
   "metadata": {},
   "outputs": [],
   "source": [
    "X_train_prep = X.iloc[:, :16]"
   ]
  },
  {
   "cell_type": "code",
   "execution_count": 165,
   "metadata": {},
   "outputs": [
    {
     "data": {
      "text/plain": [
       "(280, 16)"
      ]
     },
     "execution_count": 165,
     "metadata": {},
     "output_type": "execute_result"
    }
   ],
   "source": [
    "X_train_prep.shape"
   ]
  },
  {
   "cell_type": "code",
   "execution_count": 166,
   "metadata": {},
   "outputs": [
    {
     "data": {
      "text/html": [
       "<div>\n",
       "<style scoped>\n",
       "    .dataframe tbody tr th:only-of-type {\n",
       "        vertical-align: middle;\n",
       "    }\n",
       "\n",
       "    .dataframe tbody tr th {\n",
       "        vertical-align: top;\n",
       "    }\n",
       "\n",
       "    .dataframe thead th {\n",
       "        text-align: right;\n",
       "    }\n",
       "</style>\n",
       "<table border=\"1\" class=\"dataframe\">\n",
       "  <thead>\n",
       "    <tr style=\"text-align: right;\">\n",
       "      <th></th>\n",
       "      <th>goals</th>\n",
       "      <th>xg</th>\n",
       "      <th>crosses</th>\n",
       "      <th>boxtouches</th>\n",
       "      <th>passes</th>\n",
       "      <th>progpasses</th>\n",
       "      <th>takeons</th>\n",
       "      <th>progruns</th>\n",
       "      <th>tackles</th>\n",
       "      <th>interceptions</th>\n",
       "      <th>clearances</th>\n",
       "      <th>blocks</th>\n",
       "      <th>aerials</th>\n",
       "      <th>fouls</th>\n",
       "      <th>fouled</th>\n",
       "      <th>nsxg</th>\n",
       "    </tr>\n",
       "  </thead>\n",
       "  <tbody>\n",
       "    <tr>\n",
       "      <th>goals</th>\n",
       "      <td>0.076762</td>\n",
       "      <td>0.048151</td>\n",
       "      <td>0.011117</td>\n",
       "      <td>0.031881</td>\n",
       "      <td>0.020802</td>\n",
       "      <td>0.005394</td>\n",
       "      <td>0.021734</td>\n",
       "      <td>0.021209</td>\n",
       "      <td>0.026451</td>\n",
       "      <td>0.021944</td>\n",
       "      <td>-0.017628</td>\n",
       "      <td>0.004460</td>\n",
       "      <td>0.003735</td>\n",
       "      <td>-0.005792</td>\n",
       "      <td>0.006787</td>\n",
       "      <td>0.036567</td>\n",
       "    </tr>\n",
       "    <tr>\n",
       "      <th>xg</th>\n",
       "      <td>0.048151</td>\n",
       "      <td>0.073873</td>\n",
       "      <td>0.028995</td>\n",
       "      <td>0.053499</td>\n",
       "      <td>0.030889</td>\n",
       "      <td>0.010231</td>\n",
       "      <td>0.028090</td>\n",
       "      <td>0.037611</td>\n",
       "      <td>0.038250</td>\n",
       "      <td>0.032159</td>\n",
       "      <td>-0.027225</td>\n",
       "      <td>0.004993</td>\n",
       "      <td>0.004230</td>\n",
       "      <td>0.000343</td>\n",
       "      <td>0.014526</td>\n",
       "      <td>0.056987</td>\n",
       "    </tr>\n",
       "    <tr>\n",
       "      <th>crosses</th>\n",
       "      <td>0.011117</td>\n",
       "      <td>0.028995</td>\n",
       "      <td>0.062201</td>\n",
       "      <td>0.047599</td>\n",
       "      <td>0.023037</td>\n",
       "      <td>0.019350</td>\n",
       "      <td>0.012298</td>\n",
       "      <td>0.025914</td>\n",
       "      <td>0.023312</td>\n",
       "      <td>0.024384</td>\n",
       "      <td>-0.016976</td>\n",
       "      <td>0.001973</td>\n",
       "      <td>0.016425</td>\n",
       "      <td>0.004776</td>\n",
       "      <td>0.012485</td>\n",
       "      <td>0.055343</td>\n",
       "    </tr>\n",
       "    <tr>\n",
       "      <th>boxtouches</th>\n",
       "      <td>0.031881</td>\n",
       "      <td>0.053499</td>\n",
       "      <td>0.047599</td>\n",
       "      <td>0.082886</td>\n",
       "      <td>0.037807</td>\n",
       "      <td>0.020061</td>\n",
       "      <td>0.021630</td>\n",
       "      <td>0.040756</td>\n",
       "      <td>0.043727</td>\n",
       "      <td>0.035019</td>\n",
       "      <td>-0.031451</td>\n",
       "      <td>0.009502</td>\n",
       "      <td>0.019791</td>\n",
       "      <td>0.003577</td>\n",
       "      <td>0.015578</td>\n",
       "      <td>0.078007</td>\n",
       "    </tr>\n",
       "    <tr>\n",
       "      <th>passes</th>\n",
       "      <td>0.020802</td>\n",
       "      <td>0.030889</td>\n",
       "      <td>0.023037</td>\n",
       "      <td>0.037807</td>\n",
       "      <td>0.122761</td>\n",
       "      <td>0.063839</td>\n",
       "      <td>0.040062</td>\n",
       "      <td>0.075187</td>\n",
       "      <td>0.100296</td>\n",
       "      <td>0.100170</td>\n",
       "      <td>-0.015479</td>\n",
       "      <td>0.036472</td>\n",
       "      <td>-0.002956</td>\n",
       "      <td>0.007377</td>\n",
       "      <td>0.028331</td>\n",
       "      <td>0.052172</td>\n",
       "    </tr>\n",
       "    <tr>\n",
       "      <th>progpasses</th>\n",
       "      <td>0.005394</td>\n",
       "      <td>0.010231</td>\n",
       "      <td>0.019350</td>\n",
       "      <td>0.020061</td>\n",
       "      <td>0.063839</td>\n",
       "      <td>0.061332</td>\n",
       "      <td>0.011834</td>\n",
       "      <td>0.029549</td>\n",
       "      <td>0.047099</td>\n",
       "      <td>0.052516</td>\n",
       "      <td>-0.002919</td>\n",
       "      <td>0.022626</td>\n",
       "      <td>0.003146</td>\n",
       "      <td>0.014433</td>\n",
       "      <td>0.012325</td>\n",
       "      <td>0.030773</td>\n",
       "    </tr>\n",
       "    <tr>\n",
       "      <th>takeons</th>\n",
       "      <td>0.021734</td>\n",
       "      <td>0.028090</td>\n",
       "      <td>0.012298</td>\n",
       "      <td>0.021630</td>\n",
       "      <td>0.040062</td>\n",
       "      <td>0.011834</td>\n",
       "      <td>0.085409</td>\n",
       "      <td>0.056258</td>\n",
       "      <td>0.043111</td>\n",
       "      <td>0.043571</td>\n",
       "      <td>-0.009518</td>\n",
       "      <td>0.014068</td>\n",
       "      <td>-0.011586</td>\n",
       "      <td>0.010279</td>\n",
       "      <td>0.023526</td>\n",
       "      <td>0.035594</td>\n",
       "    </tr>\n",
       "    <tr>\n",
       "      <th>progruns</th>\n",
       "      <td>0.021209</td>\n",
       "      <td>0.037611</td>\n",
       "      <td>0.025914</td>\n",
       "      <td>0.040756</td>\n",
       "      <td>0.075187</td>\n",
       "      <td>0.029549</td>\n",
       "      <td>0.056258</td>\n",
       "      <td>0.126564</td>\n",
       "      <td>0.074338</td>\n",
       "      <td>0.060608</td>\n",
       "      <td>-0.013739</td>\n",
       "      <td>0.025723</td>\n",
       "      <td>-0.009985</td>\n",
       "      <td>0.002454</td>\n",
       "      <td>0.023862</td>\n",
       "      <td>0.053319</td>\n",
       "    </tr>\n",
       "    <tr>\n",
       "      <th>tackles</th>\n",
       "      <td>0.026451</td>\n",
       "      <td>0.038250</td>\n",
       "      <td>0.023312</td>\n",
       "      <td>0.043727</td>\n",
       "      <td>0.100296</td>\n",
       "      <td>0.047099</td>\n",
       "      <td>0.043111</td>\n",
       "      <td>0.074338</td>\n",
       "      <td>0.145418</td>\n",
       "      <td>0.104041</td>\n",
       "      <td>-0.026498</td>\n",
       "      <td>0.028556</td>\n",
       "      <td>-0.001931</td>\n",
       "      <td>0.001765</td>\n",
       "      <td>0.029871</td>\n",
       "      <td>0.056064</td>\n",
       "    </tr>\n",
       "    <tr>\n",
       "      <th>interceptions</th>\n",
       "      <td>0.021944</td>\n",
       "      <td>0.032159</td>\n",
       "      <td>0.024384</td>\n",
       "      <td>0.035019</td>\n",
       "      <td>0.100170</td>\n",
       "      <td>0.052516</td>\n",
       "      <td>0.043571</td>\n",
       "      <td>0.060608</td>\n",
       "      <td>0.104041</td>\n",
       "      <td>0.147357</td>\n",
       "      <td>-0.017261</td>\n",
       "      <td>0.032979</td>\n",
       "      <td>-0.002315</td>\n",
       "      <td>0.015006</td>\n",
       "      <td>0.031281</td>\n",
       "      <td>0.051016</td>\n",
       "    </tr>\n",
       "    <tr>\n",
       "      <th>clearances</th>\n",
       "      <td>-0.017628</td>\n",
       "      <td>-0.027225</td>\n",
       "      <td>-0.016976</td>\n",
       "      <td>-0.031451</td>\n",
       "      <td>-0.015479</td>\n",
       "      <td>-0.002919</td>\n",
       "      <td>-0.009518</td>\n",
       "      <td>-0.013739</td>\n",
       "      <td>-0.026498</td>\n",
       "      <td>-0.017261</td>\n",
       "      <td>0.067245</td>\n",
       "      <td>0.012457</td>\n",
       "      <td>0.020401</td>\n",
       "      <td>0.016329</td>\n",
       "      <td>0.000372</td>\n",
       "      <td>-0.033780</td>\n",
       "    </tr>\n",
       "    <tr>\n",
       "      <th>blocks</th>\n",
       "      <td>0.004460</td>\n",
       "      <td>0.004993</td>\n",
       "      <td>0.001973</td>\n",
       "      <td>0.009502</td>\n",
       "      <td>0.036472</td>\n",
       "      <td>0.022626</td>\n",
       "      <td>0.014068</td>\n",
       "      <td>0.025723</td>\n",
       "      <td>0.028556</td>\n",
       "      <td>0.032979</td>\n",
       "      <td>0.012457</td>\n",
       "      <td>0.076827</td>\n",
       "      <td>0.000842</td>\n",
       "      <td>0.014249</td>\n",
       "      <td>0.005595</td>\n",
       "      <td>0.012911</td>\n",
       "    </tr>\n",
       "    <tr>\n",
       "      <th>aerials</th>\n",
       "      <td>0.003735</td>\n",
       "      <td>0.004230</td>\n",
       "      <td>0.016425</td>\n",
       "      <td>0.019791</td>\n",
       "      <td>-0.002956</td>\n",
       "      <td>0.003146</td>\n",
       "      <td>-0.011586</td>\n",
       "      <td>-0.009985</td>\n",
       "      <td>-0.001931</td>\n",
       "      <td>-0.002315</td>\n",
       "      <td>0.020401</td>\n",
       "      <td>0.000842</td>\n",
       "      <td>0.078277</td>\n",
       "      <td>0.012769</td>\n",
       "      <td>0.000971</td>\n",
       "      <td>0.015027</td>\n",
       "    </tr>\n",
       "    <tr>\n",
       "      <th>fouls</th>\n",
       "      <td>-0.005792</td>\n",
       "      <td>0.000343</td>\n",
       "      <td>0.004776</td>\n",
       "      <td>0.003577</td>\n",
       "      <td>0.007377</td>\n",
       "      <td>0.014433</td>\n",
       "      <td>0.010279</td>\n",
       "      <td>0.002454</td>\n",
       "      <td>0.001765</td>\n",
       "      <td>0.015006</td>\n",
       "      <td>0.016329</td>\n",
       "      <td>0.014249</td>\n",
       "      <td>0.012769</td>\n",
       "      <td>0.087968</td>\n",
       "      <td>0.021252</td>\n",
       "      <td>0.007578</td>\n",
       "    </tr>\n",
       "    <tr>\n",
       "      <th>fouled</th>\n",
       "      <td>0.006787</td>\n",
       "      <td>0.014526</td>\n",
       "      <td>0.012485</td>\n",
       "      <td>0.015578</td>\n",
       "      <td>0.028331</td>\n",
       "      <td>0.012325</td>\n",
       "      <td>0.023526</td>\n",
       "      <td>0.023862</td>\n",
       "      <td>0.029871</td>\n",
       "      <td>0.031281</td>\n",
       "      <td>0.000372</td>\n",
       "      <td>0.005595</td>\n",
       "      <td>0.000971</td>\n",
       "      <td>0.021252</td>\n",
       "      <td>0.070808</td>\n",
       "      <td>0.022463</td>\n",
       "    </tr>\n",
       "    <tr>\n",
       "      <th>nsxg</th>\n",
       "      <td>0.036567</td>\n",
       "      <td>0.056987</td>\n",
       "      <td>0.055343</td>\n",
       "      <td>0.078007</td>\n",
       "      <td>0.052172</td>\n",
       "      <td>0.030773</td>\n",
       "      <td>0.035594</td>\n",
       "      <td>0.053319</td>\n",
       "      <td>0.056064</td>\n",
       "      <td>0.051016</td>\n",
       "      <td>-0.033780</td>\n",
       "      <td>0.012911</td>\n",
       "      <td>0.015027</td>\n",
       "      <td>0.007578</td>\n",
       "      <td>0.022463</td>\n",
       "      <td>0.097410</td>\n",
       "    </tr>\n",
       "  </tbody>\n",
       "</table>\n",
       "</div>"
      ],
      "text/plain": [
       "                  goals        xg   crosses  boxtouches    passes  progpasses  \\\n",
       "goals          0.076762  0.048151  0.011117    0.031881  0.020802    0.005394   \n",
       "xg             0.048151  0.073873  0.028995    0.053499  0.030889    0.010231   \n",
       "crosses        0.011117  0.028995  0.062201    0.047599  0.023037    0.019350   \n",
       "boxtouches     0.031881  0.053499  0.047599    0.082886  0.037807    0.020061   \n",
       "passes         0.020802  0.030889  0.023037    0.037807  0.122761    0.063839   \n",
       "progpasses     0.005394  0.010231  0.019350    0.020061  0.063839    0.061332   \n",
       "takeons        0.021734  0.028090  0.012298    0.021630  0.040062    0.011834   \n",
       "progruns       0.021209  0.037611  0.025914    0.040756  0.075187    0.029549   \n",
       "tackles        0.026451  0.038250  0.023312    0.043727  0.100296    0.047099   \n",
       "interceptions  0.021944  0.032159  0.024384    0.035019  0.100170    0.052516   \n",
       "clearances    -0.017628 -0.027225 -0.016976   -0.031451 -0.015479   -0.002919   \n",
       "blocks         0.004460  0.004993  0.001973    0.009502  0.036472    0.022626   \n",
       "aerials        0.003735  0.004230  0.016425    0.019791 -0.002956    0.003146   \n",
       "fouls         -0.005792  0.000343  0.004776    0.003577  0.007377    0.014433   \n",
       "fouled         0.006787  0.014526  0.012485    0.015578  0.028331    0.012325   \n",
       "nsxg           0.036567  0.056987  0.055343    0.078007  0.052172    0.030773   \n",
       "\n",
       "                takeons  progruns   tackles  interceptions  clearances  \\\n",
       "goals          0.021734  0.021209  0.026451       0.021944   -0.017628   \n",
       "xg             0.028090  0.037611  0.038250       0.032159   -0.027225   \n",
       "crosses        0.012298  0.025914  0.023312       0.024384   -0.016976   \n",
       "boxtouches     0.021630  0.040756  0.043727       0.035019   -0.031451   \n",
       "passes         0.040062  0.075187  0.100296       0.100170   -0.015479   \n",
       "progpasses     0.011834  0.029549  0.047099       0.052516   -0.002919   \n",
       "takeons        0.085409  0.056258  0.043111       0.043571   -0.009518   \n",
       "progruns       0.056258  0.126564  0.074338       0.060608   -0.013739   \n",
       "tackles        0.043111  0.074338  0.145418       0.104041   -0.026498   \n",
       "interceptions  0.043571  0.060608  0.104041       0.147357   -0.017261   \n",
       "clearances    -0.009518 -0.013739 -0.026498      -0.017261    0.067245   \n",
       "blocks         0.014068  0.025723  0.028556       0.032979    0.012457   \n",
       "aerials       -0.011586 -0.009985 -0.001931      -0.002315    0.020401   \n",
       "fouls          0.010279  0.002454  0.001765       0.015006    0.016329   \n",
       "fouled         0.023526  0.023862  0.029871       0.031281    0.000372   \n",
       "nsxg           0.035594  0.053319  0.056064       0.051016   -0.033780   \n",
       "\n",
       "                 blocks   aerials     fouls    fouled      nsxg  \n",
       "goals          0.004460  0.003735 -0.005792  0.006787  0.036567  \n",
       "xg             0.004993  0.004230  0.000343  0.014526  0.056987  \n",
       "crosses        0.001973  0.016425  0.004776  0.012485  0.055343  \n",
       "boxtouches     0.009502  0.019791  0.003577  0.015578  0.078007  \n",
       "passes         0.036472 -0.002956  0.007377  0.028331  0.052172  \n",
       "progpasses     0.022626  0.003146  0.014433  0.012325  0.030773  \n",
       "takeons        0.014068 -0.011586  0.010279  0.023526  0.035594  \n",
       "progruns       0.025723 -0.009985  0.002454  0.023862  0.053319  \n",
       "tackles        0.028556 -0.001931  0.001765  0.029871  0.056064  \n",
       "interceptions  0.032979 -0.002315  0.015006  0.031281  0.051016  \n",
       "clearances     0.012457  0.020401  0.016329  0.000372 -0.033780  \n",
       "blocks         0.076827  0.000842  0.014249  0.005595  0.012911  \n",
       "aerials        0.000842  0.078277  0.012769  0.000971  0.015027  \n",
       "fouls          0.014249  0.012769  0.087968  0.021252  0.007578  \n",
       "fouled         0.005595  0.000971  0.021252  0.070808  0.022463  \n",
       "nsxg           0.012911  0.015027  0.007578  0.022463  0.097410  "
      ]
     },
     "execution_count": 166,
     "metadata": {},
     "output_type": "execute_result"
    }
   ],
   "source": [
    "X_train_prep.cov()"
   ]
  },
  {
   "cell_type": "code",
   "execution_count": 167,
   "metadata": {},
   "outputs": [
    {
     "data": {
      "text/plain": [
       "<AxesSubplot:>"
      ]
     },
     "execution_count": 167,
     "metadata": {},
     "output_type": "execute_result"
    },
    {
     "data": {
