{
 "cells": [
  {
   "cell_type": "code",
   "execution_count": 45,
   "id": "f77d7afa",
   "metadata": {},
   "outputs": [],
   "source": [
    "import numpy as np \n",
    "import pandas as pd"
   ]
  },
  {
   "cell_type": "code",
   "execution_count": 67,
   "id": "83cc4022",
   "metadata": {},
   "outputs": [],
   "source": [
    "df = pd.concat(map(pd.read_csv, ['Brazil.csv', 'germany.csv','germany1.csv', \n",
    "                                 'Portugal1.csv', 'Spain1.csv', 'Switzerland.csv',\n",
    "                                'Switzerland1.csv', 'France1.csv',\n",
    "                                'Brazil1.csv', 'Netherlands.csv', \n",
    "                                'Belgium.csv', 'USA.csv', 'England.csv',\n",
    "                                'Argentina.csv', 'Uruguay.csv', \n",
    "                                'Senegal.csv', 'Ecuador.csv', 'CostaRica.csv',\n",
    "                                'Mexico.csv', 'France.csv', 'Denmark.csv',\n",
    "                                'Australia.csv', 'Serbia.csv',\n",
    "                                'Cameroon.csv', 'Ghana.csv']))"
   ]
  },
  {
   "cell_type": "code",
   "execution_count": 68,
   "id": "0303bd2a",
   "metadata": {},
   "outputs": [
    {
     "data": {
      "text/plain": [
       "(92, 17)"
      ]
     },
     "execution_count": 68,
     "metadata": {},
     "output_type": "execute_result"
    }
   ],
   "source": [
    "df.shape"
   ]
  },
  {
   "cell_type": "code",
   "execution_count": 69,
   "id": "25edecc6",
   "metadata": {},
   "outputs": [
    {
     "data": {
      "text/html": [
       "<div>\n",
       "<style scoped>\n",
       "    .dataframe tbody tr th:only-of-type {\n",
       "        vertical-align: middle;\n",
       "    }\n",
       "\n",
       "    .dataframe tbody tr th {\n",
       "        vertical-align: top;\n",
       "    }\n",
       "\n",
       "    .dataframe thead th {\n",
       "        text-align: right;\n",
       "    }\n",
       "</style>\n",
       "<table border=\"1\" class=\"dataframe\">\n",
       "  <thead>\n",
       "    <tr style=\"text-align: right;\">\n",
       "      <th></th>\n",
       "      <th>goals_z</th>\n",
       "      <th>xg_z</th>\n",
       "      <th>crosses_z</th>\n",
       "      <th>boxtouches_z</th>\n",
       "      <th>passes_z</th>\n",
       "      <th>progpasses_z</th>\n",
       "      <th>takeons_z</th>\n",
       "      <th>progruns_z</th>\n",
       "      <th>tackles_z</th>\n",
       "      <th>interceptions_z</th>\n",
       "      <th>clearances_z</th>\n",
       "      <th>blocks_z</th>\n",
       "      <th>aerials_z</th>\n",
       "      <th>fouls_z</th>\n",
       "      <th>fouled_z</th>\n",
       "      <th>nsxg_z</th>\n",
       "      <th>results</th>\n",
       "    </tr>\n",
       "  </thead>\n",
       "  <tbody>\n",
       "    <tr>\n",
       "      <th>0</th>\n",
       "      <td>0.423077</td>\n",
       "      <td>0.146923</td>\n",
       "      <td>-0.136154</td>\n",
       "      <td>-0.030000</td>\n",
       "      <td>0.429231</td>\n",
       "      <td>0.037692</td>\n",
       "      <td>0.244615</td>\n",
       "      <td>-0.220000</td>\n",
       "      <td>0.216154</td>\n",
       "      <td>0.270000</td>\n",
       "      <td>-0.076923</td>\n",
       "      <td>-0.097692</td>\n",
       "      <td>-0.020000</td>\n",
       "      <td>-0.224615</td>\n",
       "      <td>0.100769</td>\n",
       "      <td>-0.124615</td>\n",
       "      <td>2</td>\n",
       "    </tr>\n",
       "    <tr>\n",
       "      <th>1</th>\n",
       "      <td>0.216923</td>\n",
       "      <td>0.348462</td>\n",
       "      <td>0.031538</td>\n",
       "      <td>0.158462</td>\n",
       "      <td>0.835385</td>\n",
       "      <td>0.626923</td>\n",
       "      <td>0.270000</td>\n",
       "      <td>0.266923</td>\n",
       "      <td>1.143846</td>\n",
       "      <td>0.834615</td>\n",
       "      <td>-0.059231</td>\n",
       "      <td>-0.134615</td>\n",
       "      <td>0.196923</td>\n",
       "      <td>-0.016923</td>\n",
       "      <td>0.033846</td>\n",
       "      <td>0.146923</td>\n",
       "      <td>1</td>\n",
       "    </tr>\n",
       "    <tr>\n",
       "      <th>2</th>\n",
       "      <td>0.113846</td>\n",
       "      <td>0.392308</td>\n",
       "      <td>0.599231</td>\n",
       "      <td>0.513846</td>\n",
       "      <td>0.833077</td>\n",
       "      <td>0.405385</td>\n",
       "      <td>0.521538</td>\n",
       "      <td>1.139231</td>\n",
       "      <td>1.109231</td>\n",
       "      <td>0.859231</td>\n",
       "      <td>0.084615</td>\n",
       "      <td>0.103077</td>\n",
       "      <td>0.683846</td>\n",
       "      <td>0.213846</td>\n",
       "      <td>0.353846</td>\n",
       "      <td>0.786923</td>\n",
       "      <td>9</td>\n",
       "    </tr>\n",
       "    <tr>\n",
       "      <th>3</th>\n",
       "      <td>0.479231</td>\n",
       "      <td>0.609231</td>\n",
       "      <td>0.227692</td>\n",
       "      <td>0.450769</td>\n",
       "      <td>0.770769</td>\n",
       "      <td>0.042308</td>\n",
       "      <td>0.337692</td>\n",
       "      <td>0.927692</td>\n",
       "      <td>0.506923</td>\n",
       "      <td>1.015385</td>\n",
       "      <td>0.020769</td>\n",
       "      <td>0.381538</td>\n",
       "      <td>0.038462</td>\n",
       "      <td>0.039231</td>\n",
       "      <td>0.022308</td>\n",
       "      <td>0.692308</td>\n",
       "      <td>5</td>\n",
       "    </tr>\n",
       "    <tr>\n",
       "      <th>4</th>\n",
       "      <td>0.877692</td>\n",
       "      <td>0.773846</td>\n",
       "      <td>0.428462</td>\n",
       "      <td>0.659231</td>\n",
       "      <td>0.754615</td>\n",
       "      <td>0.335385</td>\n",
       "      <td>0.023077</td>\n",
       "      <td>0.638462</td>\n",
       "      <td>0.493846</td>\n",
       "      <td>0.637692</td>\n",
       "      <td>-0.117692</td>\n",
       "      <td>-0.033846</td>\n",
       "      <td>0.572308</td>\n",
       "      <td>-0.016154</td>\n",
       "      <td>-0.096923</td>\n",
       "      <td>0.890769</td>\n",
       "      <td>5</td>\n",
       "    </tr>\n",
       "    <tr>\n",
       "      <th>...</th>\n",
       "      <td>...</td>\n",
       "      <td>...</td>\n",
       "      <td>...</td>\n",
       "      <td>...</td>\n",
       "      <td>...</td>\n",
       "      <td>...</td>\n",
       "      <td>...</td>\n",
       "      <td>...</td>\n",
       "      <td>...</td>\n",
       "      <td>...</td>\n",
       "      <td>...</td>\n",
       "      <td>...</td>\n",
       "      <td>...</td>\n",
       "      <td>...</td>\n",
       "      <td>...</td>\n",
       "      <td>...</td>\n",
       "      <td>...</td>\n",
       "    </tr>\n",
       "    <tr>\n",
       "      <th>1</th>\n",
       "      <td>-0.045385</td>\n",
       "      <td>0.442308</td>\n",
       "      <td>0.306923</td>\n",
       "      <td>0.630769</td>\n",
       "      <td>-0.009231</td>\n",
       "      <td>-0.158462</td>\n",
       "      <td>0.135385</td>\n",
       "      <td>-0.239231</td>\n",
       "      <td>-0.150769</td>\n",
       "      <td>-0.254615</td>\n",
       "      <td>-0.614615</td>\n",
       "      <td>-0.140769</td>\n",
       "      <td>0.059231</td>\n",
       "      <td>0.244615</td>\n",
       "      <td>-0.149231</td>\n",
       "      <td>0.477692</td>\n",
       "      <td>31</td>\n",
       "    </tr>\n",
       "    <tr>\n",
       "      <th>2</th>\n",
       "      <td>-0.261538</td>\n",
       "      <td>-0.067692</td>\n",
       "      <td>0.040000</td>\n",
       "      <td>0.203077</td>\n",
       "      <td>-0.335385</td>\n",
       "      <td>-0.293846</td>\n",
       "      <td>0.150000</td>\n",
       "      <td>-0.086923</td>\n",
       "      <td>-0.338462</td>\n",
       "      <td>0.050000</td>\n",
       "      <td>-0.082308</td>\n",
       "      <td>0.077692</td>\n",
       "      <td>-0.226923</td>\n",
       "      <td>-0.030769</td>\n",
       "      <td>-0.130000</td>\n",
       "      <td>-0.094615</td>\n",
       "      <td>32</td>\n",
       "    </tr>\n",
       "    <tr>\n",
       "      <th>0</th>\n",
       "      <td>0.158462</td>\n",
       "      <td>0.632308</td>\n",
       "      <td>0.029231</td>\n",
       "      <td>0.254615</td>\n",
       "      <td>0.116923</td>\n",
       "      <td>-0.009231</td>\n",
       "      <td>-0.056923</td>\n",
       "      <td>0.066923</td>\n",
       "      <td>-0.103077</td>\n",
       "      <td>-0.072308</td>\n",
       "      <td>-0.091538</td>\n",
       "      <td>-0.132308</td>\n",
       "      <td>-0.073846</td>\n",
       "      <td>0.807692</td>\n",
       "      <td>-0.065385</td>\n",
       "      <td>0.131538</td>\n",
       "      <td>13</td>\n",
       "    </tr>\n",
       "    <tr>\n",
       "      <th>1</th>\n",
       "      <td>0.069231</td>\n",
       "      <td>0.626923</td>\n",
       "      <td>-0.023846</td>\n",
       "      <td>0.263846</td>\n",
       "      <td>-0.171538</td>\n",
       "      <td>-0.320000</td>\n",
       "      <td>0.134615</td>\n",
       "      <td>0.018462</td>\n",
       "      <td>0.131538</td>\n",
       "      <td>-0.005385</td>\n",
       "      <td>-0.067692</td>\n",
       "      <td>-0.057692</td>\n",
       "      <td>0.060000</td>\n",
       "      <td>0.139231</td>\n",
       "      <td>-0.248462</td>\n",
       "      <td>0.204615</td>\n",
       "      <td>7</td>\n",
       "    </tr>\n",
       "    <tr>\n",
       "      <th>2</th>\n",
       "      <td>0.243846</td>\n",
       "      <td>0.314615</td>\n",
       "      <td>0.853846</td>\n",
       "      <td>0.557692</td>\n",
       "      <td>0.050000</td>\n",
       "      <td>0.030769</td>\n",
       "      <td>0.150769</td>\n",
       "      <td>0.507692</td>\n",
       "      <td>0.159231</td>\n",
       "      <td>0.279231</td>\n",
       "      <td>0.056923</td>\n",
       "      <td>-0.141538</td>\n",
       "      <td>0.416923</td>\n",
       "      <td>0.006154</td>\n",
       "      <td>0.300000</td>\n",
       "      <td>0.428462</td>\n",
       "      <td>25</td>\n",
       "    </tr>\n",
       "  </tbody>\n",
       "</table>\n",
       "<p>92 rows × 17 columns</p>\n",
       "</div>"
      ],
      "text/plain": [
       "     goals_z      xg_z  crosses_z  boxtouches_z  passes_z  progpasses_z  \\\n",
       "0   0.423077  0.146923  -0.136154     -0.030000  0.429231      0.037692   \n",
       "1   0.216923  0.348462   0.031538      0.158462  0.835385      0.626923   \n",
       "2   0.113846  0.392308   0.599231      0.513846  0.833077      0.405385   \n",
       "3   0.479231  0.609231   0.227692      0.450769  0.770769      0.042308   \n",
       "4   0.877692  0.773846   0.428462      0.659231  0.754615      0.335385   \n",
       "..       ...       ...        ...           ...       ...           ...   \n",
       "1  -0.045385  0.442308   0.306923      0.630769 -0.009231     -0.158462   \n",
       "2  -0.261538 -0.067692   0.040000      0.203077 -0.335385     -0.293846   \n",
       "0   0.158462  0.632308   0.029231      0.254615  0.116923     -0.009231   \n",
       "1   0.069231  0.626923  -0.023846      0.263846 -0.171538     -0.320000   \n",
       "2   0.243846  0.314615   0.853846      0.557692  0.050000      0.030769   \n",
       "\n",
       "    takeons_z  progruns_z  tackles_z  interceptions_z  clearances_z  blocks_z  \\\n",
       "0    0.244615   -0.220000   0.216154         0.270000     -0.076923 -0.097692   \n",
       "1    0.270000    0.266923   1.143846         0.834615     -0.059231 -0.134615   \n",
       "2    0.521538    1.139231   1.109231         0.859231      0.084615  0.103077   \n",
       "3    0.337692    0.927692   0.506923         1.015385      0.020769  0.381538   \n",
       "4    0.023077    0.638462   0.493846         0.637692     -0.117692 -0.033846   \n",
       "..        ...         ...        ...              ...           ...       ...   \n",
       "1    0.135385   -0.239231  -0.150769        -0.254615     -0.614615 -0.140769   \n",
       "2    0.150000   -0.086923  -0.338462         0.050000     -0.082308  0.077692   \n",
       "0   -0.056923    0.066923  -0.103077        -0.072308     -0.091538 -0.132308   \n",
       "1    0.134615    0.018462   0.131538        -0.005385     -0.067692 -0.057692   \n",
       "2    0.150769    0.507692   0.159231         0.279231      0.056923 -0.141538   \n",
       "\n",
       "    aerials_z   fouls_z  fouled_z    nsxg_z  results  \n",
       "0   -0.020000 -0.224615  0.100769 -0.124615        2  \n",
       "1    0.196923 -0.016923  0.033846  0.146923        1  \n",
       "2    0.683846  0.213846  0.353846  0.786923        9  \n",
       "3    0.038462  0.039231  0.022308  0.692308        5  \n",
       "4    0.572308 -0.016154 -0.096923  0.890769        5  \n",
       "..        ...       ...       ...       ...      ...  \n",
       "1    0.059231  0.244615 -0.149231  0.477692       31  \n",
       "2   -0.226923 -0.030769 -0.130000 -0.094615       32  \n",
       "0   -0.073846  0.807692 -0.065385  0.131538       13  \n",
       "1    0.060000  0.139231 -0.248462  0.204615        7  \n",
       "2    0.416923  0.006154  0.300000  0.428462       25  \n",
       "\n",
       "[92 rows x 17 columns]"
      ]
     },
     "execution_count": 69,
     "metadata": {},
     "output_type": "execute_result"
    }
   ],
   "source": [
    "df"
   ]
  },
  {
   "cell_type": "code",
   "execution_count": 61,
   "id": "18e502a7",
   "metadata": {},
   "outputs": [
    {
     "data": {
      "text/html": [
       "<div>\n",
       "<style scoped>\n",
       "    .dataframe tbody tr th:only-of-type {\n",
       "        vertical-align: middle;\n",
       "    }\n",
       "\n",
       "    .dataframe tbody tr th {\n",
       "        vertical-align: top;\n",
       "    }\n",
       "\n",
       "    .dataframe thead th {\n",
       "        text-align: right;\n",
       "    }\n",
       "</style>\n",
       "<table border=\"1\" class=\"dataframe\">\n",
       "  <thead>\n",
       "    <tr style=\"text-align: right;\">\n",
       "      <th></th>\n",
       "      <th>goals_z</th>\n",
       "      <th>xg_z</th>\n",
       "      <th>crosses_z</th>\n",
       "      <th>boxtouches_z</th>\n",
       "      <th>passes_z</th>\n",
       "      <th>progpasses_z</th>\n",
       "      <th>takeons_z</th>\n",
       "      <th>progruns_z</th>\n",
       "      <th>tackles_z</th>\n",
       "      <th>interceptions_z</th>\n",
       "      <th>clearances_z</th>\n",
       "      <th>blocks_z</th>\n",
       "      <th>aerials_z</th>\n",
       "      <th>fouls_z</th>\n",
       "      <th>fouled_z</th>\n",
       "      <th>nsxg_z</th>\n",
       "      <th>results</th>\n",
       "    </tr>\n",
       "  </thead>\n",
       "  <tbody>\n",
       "    <tr>\n",
       "      <th>goals_z</th>\n",
       "      <td>1.000000</td>\n",
       "      <td>0.514898</td>\n",
       "      <td>-0.043936</td>\n",
       "      <td>0.141479</td>\n",
       "      <td>0.174232</td>\n",
       "      <td>-0.009910</td>\n",
       "      <td>0.171566</td>\n",
       "      <td>0.123413</td>\n",
       "      <td>0.212200</td>\n",
       "      <td>0.150012</td>\n",
       "      <td>-0.029640</td>\n",
       "      <td>0.071776</td>\n",
       "      <td>-0.098318</td>\n",
       "      <td>-0.251296</td>\n",
       "      <td>0.045205</td>\n",
       "      <td>0.241847</td>\n",
       "      <td>-0.597046</td>\n",
       "    </tr>\n",
       "    <tr>\n",
       "      <th>xg_z</th>\n",
       "      <td>0.514898</td>\n",
       "      <td>1.000000</td>\n",
       "      <td>0.420189</td>\n",
       "      <td>0.675162</td>\n",
       "      <td>0.373931</td>\n",
       "      <td>0.135568</td>\n",
       "      <td>0.300535</td>\n",
       "      <td>0.457614</td>\n",
       "      <td>0.340866</td>\n",
       "      <td>0.308015</td>\n",
       "      <td>-0.307240</td>\n",
       "      <td>0.141292</td>\n",
       "      <td>-0.089764</td>\n",
       "      <td>-0.321043</td>\n",
       "      <td>0.088561</td>\n",
       "      <td>0.667815</td>\n",
       "      <td>-0.233645</td>\n",
       "    </tr>\n",
       "    <tr>\n",
       "      <th>crosses_z</th>\n",
       "      <td>-0.043936</td>\n",
       "      <td>0.420189</td>\n",
       "      <td>1.000000</td>\n",
       "      <td>0.627466</td>\n",
       "      <td>0.307111</td>\n",
       "      <td>0.331722</td>\n",
       "      <td>0.014427</td>\n",
       "      <td>0.256568</td>\n",
       "      <td>0.226675</td>\n",
       "      <td>0.321038</td>\n",
       "      <td>-0.288716</td>\n",
       "      <td>0.143800</td>\n",
       "      <td>0.027343</td>\n",
       "      <td>-0.049688</td>\n",
       "      <td>0.026955</td>\n",
       "      <td>0.681914</td>\n",
       "      <td>0.179542</td>\n",
       "    </tr>\n",
       "    <tr>\n",
       "      <th>boxtouches_z</th>\n",
       "      <td>0.141479</td>\n",
       "      <td>0.675162</td>\n",
       "      <td>0.627466</td>\n",
       "      <td>1.000000</td>\n",
       "      <td>0.425122</td>\n",
       "      <td>0.199288</td>\n",
       "      <td>0.141323</td>\n",
       "      <td>0.520061</td>\n",
       "      <td>0.373161</td>\n",
       "      <td>0.330648</td>\n",
       "      <td>-0.414442</td>\n",
       "      <td>0.307283</td>\n",
       "      <td>0.019072</td>\n",
       "      <td>-0.258805</td>\n",
       "      <td>0.118974</td>\n",
       "      <td>0.876865</td>\n",
       "      <td>-0.123711</td>\n",
       "    </tr>\n",
       "    <tr>\n",
       "      <th>passes_z</th>\n",
       "      <td>0.174232</td>\n",
       "      <td>0.373931</td>\n",
       "      <td>0.307111</td>\n",
       "      <td>0.425122</td>\n",
       "      <td>1.000000</td>\n",
       "      <td>0.687275</td>\n",
       "      <td>0.355875</td>\n",
       "      <td>0.638036</td>\n",
       "      <td>0.710486</td>\n",
       "      <td>0.664202</td>\n",
       "      <td>-0.130518</td>\n",
       "      <td>0.323503</td>\n",
       "      <td>-0.122664</td>\n",
       "      <td>-0.188824</td>\n",
       "      <td>0.238978</td>\n",
       "      <td>0.570812</td>\n",
       "      <td>-0.105853</td>\n",
       "    </tr>\n",
       "    <tr>\n",
       "      <th>progpasses_z</th>\n",
       "      <td>-0.009910</td>\n",
       "      <td>0.135568</td>\n",
       "      <td>0.331722</td>\n",
       "      <td>0.199288</td>\n",
       "      <td>0.687275</td>\n",
       "      <td>1.000000</td>\n",
       "      <td>0.089703</td>\n",
       "      <td>0.337741</td>\n",
       "      <td>0.473860</td>\n",
       "      <td>0.439635</td>\n",
       "      <td>0.043366</td>\n",
       "      <td>0.251931</td>\n",
       "      <td>-0.134560</td>\n",
       "      <td>0.063205</td>\n",
       "      <td>-0.016786</td>\n",
       "      <td>0.371850</td>\n",
       "      <td>0.091729</td>\n",
       "    </tr>\n",
       "    <tr>\n",
       "      <th>takeons_z</th>\n",
       "      <td>0.171566</td>\n",
       "      <td>0.300535</td>\n",
       "      <td>0.014427</td>\n",
       "      <td>0.141323</td>\n",
       "      <td>0.355875</td>\n",
       "      <td>0.089703</td>\n",
       "      <td>1.000000</td>\n",
       "      <td>0.576848</td>\n",
       "      <td>0.339172</td>\n",
       "      <td>0.387888</td>\n",
       "      <td>0.008068</td>\n",
       "      <td>0.273894</td>\n",
       "      <td>-0.122100</td>\n",
       "      <td>-0.030556</td>\n",
       "      <td>0.330772</td>\n",
       "      <td>0.262678</td>\n",
       "      <td>-0.083095</td>\n",
       "    </tr>\n",
       "    <tr>\n",
       "      <th>progruns_z</th>\n",
       "      <td>0.123413</td>\n",
       "      <td>0.457614</td>\n",
       "      <td>0.256568</td>\n",
       "      <td>0.520061</td>\n",
       "      <td>0.638036</td>\n",
       "      <td>0.337741</td>\n",
       "      <td>0.576848</td>\n",
       "      <td>1.000000</td>\n",
       "      <td>0.591146</td>\n",
       "      <td>0.482196</td>\n",
       "      <td>-0.082644</td>\n",
       "      <td>0.384845</td>\n",
       "      <td>-0.049706</td>\n",
       "      <td>-0.063339</td>\n",
       "      <td>0.252233</td>\n",
       "      <td>0.622653</td>\n",
       "      <td>-0.146825</td>\n",
       "    </tr>\n",
       "    <tr>\n",
       "      <th>tackles_z</th>\n",
       "      <td>0.212200</td>\n",
       "      <td>0.340866</td>\n",
       "      <td>0.226675</td>\n",
       "      <td>0.373161</td>\n",
       "      <td>0.710486</td>\n",
       "      <td>0.473860</td>\n",
       "      <td>0.339172</td>\n",
       "      <td>0.591146</td>\n",
       "      <td>1.000000</td>\n",
       "      <td>0.661259</td>\n",
       "      <td>-0.145665</td>\n",
       "      <td>0.275039</td>\n",
       "      <td>-0.139432</td>\n",
       "      <td>-0.184109</td>\n",
       "      <td>0.373598</td>\n",
       "      <td>0.484858</td>\n",
       "      <td>-0.191979</td>\n",
       "    </tr>\n",
       "    <tr>\n",
       "      <th>interceptions_z</th>\n",
       "      <td>0.150012</td>\n",
       "      <td>0.308015</td>\n",
       "      <td>0.321038</td>\n",
       "      <td>0.330648</td>\n",
       "      <td>0.664202</td>\n",
       "      <td>0.439635</td>\n",
       "      <td>0.387888</td>\n",
       "      <td>0.482196</td>\n",
       "      <td>0.661259</td>\n",
       "      <td>1.000000</td>\n",
       "      <td>-0.145436</td>\n",
       "      <td>0.180478</td>\n",
       "      <td>-0.058588</td>\n",
       "      <td>-0.123464</td>\n",
       "      <td>0.324807</td>\n",
       "      <td>0.483240</td>\n",
       "      <td>-0.088819</td>\n",
       "    </tr>\n",
       "    <tr>\n",
       "      <th>clearances_z</th>\n",
       "      <td>-0.029640</td>\n",
       "      <td>-0.307240</td>\n",
       "      <td>-0.288716</td>\n",
       "      <td>-0.414442</td>\n",
       "      <td>-0.130518</td>\n",
       "      <td>0.043366</td>\n",
       "      <td>0.008068</td>\n",
       "      <td>-0.082644</td>\n",
       "      <td>-0.145665</td>\n",
       "      <td>-0.145436</td>\n",
       "      <td>1.000000</td>\n",
       "      <td>0.164371</td>\n",
       "      <td>0.371440</td>\n",
       "      <td>0.493149</td>\n",
       "      <td>0.062381</td>\n",
       "      <td>-0.400424</td>\n",
       "      <td>-0.019608</td>\n",
       "    </tr>\n",
       "    <tr>\n",
       "      <th>blocks_z</th>\n",
       "      <td>0.071776</td>\n",
       "      <td>0.141292</td>\n",
       "      <td>0.143800</td>\n",
       "      <td>0.307283</td>\n",
       "      <td>0.323503</td>\n",
       "      <td>0.251931</td>\n",
       "      <td>0.273894</td>\n",
       "      <td>0.384845</td>\n",
       "      <td>0.275039</td>\n",
       "      <td>0.180478</td>\n",
       "      <td>0.164371</td>\n",
       "      <td>1.000000</td>\n",
       "      <td>0.057239</td>\n",
       "      <td>0.076023</td>\n",
       "      <td>0.061324</td>\n",
       "      <td>0.320685</td>\n",
       "      <td>-0.206281</td>\n",
       "    </tr>\n",
       "    <tr>\n",
       "      <th>aerials_z</th>\n",
       "      <td>-0.098318</td>\n",
       "      <td>-0.089764</td>\n",
       "      <td>0.027343</td>\n",
       "      <td>0.019072</td>\n",
       "      <td>-0.122664</td>\n",
       "      <td>-0.134560</td>\n",
       "      <td>-0.122100</td>\n",
       "      <td>-0.049706</td>\n",
       "      <td>-0.139432</td>\n",
       "      <td>-0.058588</td>\n",
       "      <td>0.371440</td>\n",
       "      <td>0.057239</td>\n",
       "      <td>1.000000</td>\n",
       "      <td>0.216003</td>\n",
       "      <td>-0.013913</td>\n",
       "      <td>-0.065732</td>\n",
       "      <td>-0.011037</td>\n",
       "    </tr>\n",
       "    <tr>\n",
       "      <th>fouls_z</th>\n",
       "      <td>-0.251296</td>\n",
       "      <td>-0.321043</td>\n",
       "      <td>-0.049688</td>\n",
       "      <td>-0.258805</td>\n",
       "      <td>-0.188824</td>\n",
       "      <td>0.063205</td>\n",
       "      <td>-0.030556</td>\n",
       "      <td>-0.063339</td>\n",
       "      <td>-0.184109</td>\n",
       "      <td>-0.123464</td>\n",
       "      <td>0.493149</td>\n",
       "      <td>0.076023</td>\n",
       "      <td>0.216003</td>\n",
       "      <td>1.000000</td>\n",
       "      <td>0.110461</td>\n",
       "      <td>-0.232815</td>\n",
       "      <td>0.289194</td>\n",
       "    </tr>\n",
       "    <tr>\n",
       "      <th>fouled_z</th>\n",
       "      <td>0.045205</td>\n",
       "      <td>0.088561</td>\n",
       "      <td>0.026955</td>\n",
       "      <td>0.118974</td>\n",
       "      <td>0.238978</td>\n",
       "      <td>-0.016786</td>\n",
       "      <td>0.330772</td>\n",
       "      <td>0.252233</td>\n",
       "      <td>0.373598</td>\n",
       "      <td>0.324807</td>\n",
       "      <td>0.062381</td>\n",
       "      <td>0.061324</td>\n",
       "      <td>-0.013913</td>\n",
       "      <td>0.110461</td>\n",
       "      <td>1.000000</td>\n",
       "      <td>0.149366</td>\n",
       "      <td>-0.156532</td>\n",
       "    </tr>\n",
       "    <tr>\n",
       "      <th>nsxg_z</th>\n",
       "      <td>0.241847</td>\n",
       "      <td>0.667815</td>\n",
       "      <td>0.681914</td>\n",
       "      <td>0.876865</td>\n",
       "      <td>0.570812</td>\n",
       "      <td>0.371850</td>\n",
       "      <td>0.262678</td>\n",
       "      <td>0.622653</td>\n",
       "      <td>0.484858</td>\n",
       "      <td>0.483240</td>\n",
       "      <td>-0.400424</td>\n",
       "      <td>0.320685</td>\n",
       "      <td>-0.065732</td>\n",
       "      <td>-0.232815</td>\n",
       "      <td>0.149366</td>\n",
       "      <td>1.000000</td>\n",
       "      <td>-0.131290</td>\n",
       "    </tr>\n",
       "    <tr>\n",
       "      <th>results</th>\n",
       "      <td>-0.597046</td>\n",
       "      <td>-0.233645</td>\n",
       "      <td>0.179542</td>\n",
       "      <td>-0.123711</td>\n",
       "      <td>-0.105853</td>\n",
       "      <td>0.091729</td>\n",
       "      <td>-0.083095</td>\n",
       "      <td>-0.146825</td>\n",
       "      <td>-0.191979</td>\n",
       "      <td>-0.088819</td>\n",
       "      <td>-0.019608</td>\n",
       "      <td>-0.206281</td>\n",
       "      <td>-0.011037</td>\n",
       "      <td>0.289194</td>\n",
       "      <td>-0.156532</td>\n",
       "      <td>-0.131290</td>\n",
       "      <td>1.000000</td>\n",
       "    </tr>\n",
       "  </tbody>\n",
       "</table>\n",
       "</div>"
      ],
      "text/plain": [
       "                  goals_z      xg_z  crosses_z  boxtouches_z  passes_z  \\\n",
       "goals_z          1.000000  0.514898  -0.043936      0.141479  0.174232   \n",
       "xg_z             0.514898  1.000000   0.420189      0.675162  0.373931   \n",
       "crosses_z       -0.043936  0.420189   1.000000      0.627466  0.307111   \n",
       "boxtouches_z     0.141479  0.675162   0.627466      1.000000  0.425122   \n",
       "passes_z         0.174232  0.373931   0.307111      0.425122  1.000000   \n",
       "progpasses_z    -0.009910  0.135568   0.331722      0.199288  0.687275   \n",
       "takeons_z        0.171566  0.300535   0.014427      0.141323  0.355875   \n",
       "progruns_z       0.123413  0.457614   0.256568      0.520061  0.638036   \n",
       "tackles_z        0.212200  0.340866   0.226675      0.373161  0.710486   \n",
       "interceptions_z  0.150012  0.308015   0.321038      0.330648  0.664202   \n",
       "clearances_z    -0.029640 -0.307240  -0.288716     -0.414442 -0.130518   \n",
       "blocks_z         0.071776  0.141292   0.143800      0.307283  0.323503   \n",
       "aerials_z       -0.098318 -0.089764   0.027343      0.019072 -0.122664   \n",
       "fouls_z         -0.251296 -0.321043  -0.049688     -0.258805 -0.188824   \n",
       "fouled_z         0.045205  0.088561   0.026955      0.118974  0.238978   \n",
       "nsxg_z           0.241847  0.667815   0.681914      0.876865  0.570812   \n",
       "results         -0.597046 -0.233645   0.179542     -0.123711 -0.105853   \n",
       "\n",
       "                 progpasses_z  takeons_z  progruns_z  tackles_z  \\\n",
       "goals_z             -0.009910   0.171566    0.123413   0.212200   \n",
       "xg_z                 0.135568   0.300535    0.457614   0.340866   \n",
       "crosses_z            0.331722   0.014427    0.256568   0.226675   \n",
       "boxtouches_z         0.199288   0.141323    0.520061   0.373161   \n",
       "passes_z             0.687275   0.355875    0.638036   0.710486   \n",
       "progpasses_z         1.000000   0.089703    0.337741   0.473860   \n",
       "takeons_z            0.089703   1.000000    0.576848   0.339172   \n",
       "progruns_z           0.337741   0.576848    1.000000   0.591146   \n",
       "tackles_z            0.473860   0.339172    0.591146   1.000000   \n",
       "interceptions_z      0.439635   0.387888    0.482196   0.661259   \n",
       "clearances_z         0.043366   0.008068   -0.082644  -0.145665   \n",
       "blocks_z             0.251931   0.273894    0.384845   0.275039   \n",
       "aerials_z           -0.134560  -0.122100   -0.049706  -0.139432   \n",
       "fouls_z              0.063205  -0.030556   -0.063339  -0.184109   \n",
       "fouled_z            -0.016786   0.330772    0.252233   0.373598   \n",
       "nsxg_z               0.371850   0.262678    0.622653   0.484858   \n",
       "results              0.091729  -0.083095   -0.146825  -0.191979   \n",
       "\n",
       "                 interceptions_z  clearances_z  blocks_z  aerials_z   fouls_z  \\\n",
       "goals_z                 0.150012     -0.029640  0.071776  -0.098318 -0.251296   \n",
       "xg_z                    0.308015     -0.307240  0.141292  -0.089764 -0.321043   \n",
       "crosses_z               0.321038     -0.288716  0.143800   0.027343 -0.049688   \n",
       "boxtouches_z            0.330648     -0.414442  0.307283   0.019072 -0.258805   \n",
       "passes_z                0.664202     -0.130518  0.323503  -0.122664 -0.188824   \n",
       "progpasses_z            0.439635      0.043366  0.251931  -0.134560  0.063205   \n",
       "takeons_z               0.387888      0.008068  0.273894  -0.122100 -0.030556   \n",
       "progruns_z              0.482196     -0.082644  0.384845  -0.049706 -0.063339   \n",
       "tackles_z               0.661259     -0.145665  0.275039  -0.139432 -0.184109   \n",
       "interceptions_z         1.000000     -0.145436  0.180478  -0.058588 -0.123464   \n",
       "clearances_z           -0.145436      1.000000  0.164371   0.371440  0.493149   \n",
       "blocks_z                0.180478      0.164371  1.000000   0.057239  0.076023   \n",
       "aerials_z              -0.058588      0.371440  0.057239   1.000000  0.216003   \n",
       "fouls_z                -0.123464      0.493149  0.076023   0.216003  1.000000   \n",
       "fouled_z                0.324807      0.062381  0.061324  -0.013913  0.110461   \n",
       "nsxg_z                  0.483240     -0.400424  0.320685  -0.065732 -0.232815   \n",
       "results                -0.088819     -0.019608 -0.206281  -0.011037  0.289194   \n",
       "\n",
       "                 fouled_z    nsxg_z   results  \n",
       "goals_z          0.045205  0.241847 -0.597046  \n",
       "xg_z             0.088561  0.667815 -0.233645  \n",
       "crosses_z        0.026955  0.681914  0.179542  \n",
       "boxtouches_z     0.118974  0.876865 -0.123711  \n",
       "passes_z         0.238978  0.570812 -0.105853  \n",
       "progpasses_z    -0.016786  0.371850  0.091729  \n",
       "takeons_z        0.330772  0.262678 -0.083095  \n",
       "progruns_z       0.252233  0.622653 -0.146825  \n",
       "tackles_z        0.373598  0.484858 -0.191979  \n",
       "interceptions_z  0.324807  0.483240 -0.088819  \n",
       "clearances_z     0.062381 -0.400424 -0.019608  \n",
       "blocks_z         0.061324  0.320685 -0.206281  \n",
       "aerials_z       -0.013913 -0.065732 -0.011037  \n",
       "fouls_z          0.110461 -0.232815  0.289194  \n",
       "fouled_z         1.000000  0.149366 -0.156532  \n",
       "nsxg_z           0.149366  1.000000 -0.131290  \n",
       "results         -0.156532 -0.131290  1.000000  "
      ]
     },
     "execution_count": 61,
     "metadata": {},
     "output_type": "execute_result"
    }
   ],
   "source": [
    "df.corr()"
   ]
  },
  {
   "cell_type": "code",
   "execution_count": 62,
   "id": "a82adb30",
   "metadata": {},
   "outputs": [
    {
     "data": {
      "text/plain": [
       "(84, 17)"
      ]
     },
     "execution_count": 62,
     "metadata": {},
     "output_type": "execute_result"
    }
   ],
   "source": [
    "df.shape"
   ]
  },
  {
   "cell_type": "code",
   "execution_count": null,
   "id": "1da1215a",
   "metadata": {},
   "outputs": [],
   "source": []
  }
 ],
 "metadata": {
  "kernelspec": {
   "display_name": "Python 3 (ipykernel)",
   "language": "python",
   "name": "python3"
  },
  "language_info": {
   "codemirror_mode": {
    "name": "ipython",
    "version": 3
   },
   "file_extension": ".py",
   "mimetype": "text/x-python",
   "name": "python",
   "nbconvert_exporter": "python",
   "pygments_lexer": "ipython3",
   "version": "3.9.12"
  }
 },
 "nbformat": 4,
 "nbformat_minor": 5
}
