{
 "cells": [
  {
   "cell_type": "code",
   "execution_count": 82,
   "metadata": {},
   "outputs": [],
   "source": [
    "import pandas as pd\n",
    "import numpy as np\n",
    "from sklearn.model_selection import train_test_split\n",
    "from sklearn.metrics import mean_squared_error\n",
    "from sklearn.metrics import r2_score\n",
    "from sklearn.metrics import mean_absolute_error\n",
    "from sklearn.metrics import mean_absolute_percentage_error\n",
    "\n",
    "from sklearn.ensemble import AdaBoostRegressor\n",
    "from sklearn.tree import DecisionTreeRegressor\n",
    "from sklearn.ensemble import RandomForestClassifier\n",
    "from sklearn.metrics import accuracy_score\n",
    "from sklearn.metrics import precision_score"
   ]
  },
  {
   "cell_type": "code",
   "execution_count": 83,
   "metadata": {},
   "outputs": [],
   "source": [
    "df = pd.read_csv('wk12.csv')"
   ]
  },
  {
   "cell_type": "code",
   "execution_count": 84,
   "metadata": {},
   "outputs": [
    {
     "data": {
      "text/html": [
       "<div>\n",
       "<style scoped>\n",
       "    .dataframe tbody tr th:only-of-type {\n",
       "        vertical-align: middle;\n",
       "    }\n",
       "\n",
       "    .dataframe tbody tr th {\n",
       "        vertical-align: top;\n",
       "    }\n",
       "\n",
       "    .dataframe thead th {\n",
       "        text-align: right;\n",
       "    }\n",
       "</style>\n",
       "<table border=\"1\" class=\"dataframe\">\n",
       "  <thead>\n",
       "    <tr style=\"text-align: right;\">\n",
       "      <th></th>\n",
       "      <th>Wk</th>\n",
       "      <th>Time</th>\n",
       "      <th>Winner</th>\n",
       "      <th>Pts</th>\n",
       "      <th>Loser</th>\n",
       "      <th>Pts.1</th>\n",
       "      <th>winners</th>\n",
       "      <th>losers</th>\n",
       "      <th>home_rank</th>\n",
       "      <th>away_rank</th>\n",
       "      <th>home_team_code</th>\n",
       "      <th>away_team_code</th>\n",
       "      <th>home_results</th>\n",
       "      <th>win_rank</th>\n",
       "      <th>lose_rank</th>\n",
       "      <th>dates</th>\n",
       "      <th>day_code</th>\n",
       "    </tr>\n",
       "  </thead>\n",
       "  <tbody>\n",
       "    <tr>\n",
       "      <th>0</th>\n",
       "      <td>1</td>\n",
       "      <td>7:00 PM</td>\n",
       "      <td>Florida Atlantic</td>\n",
       "      <td>43</td>\n",
       "      <td>Charlotte</td>\n",
       "      <td>13</td>\n",
       "      <td>Florida Atlantic</td>\n",
       "      <td>Charlotte</td>\n",
       "      <td>99</td>\n",
       "      <td>99</td>\n",
       "      <td>32</td>\n",
       "      <td>37</td>\n",
       "      <td>0</td>\n",
       "      <td>99</td>\n",
       "      <td>99</td>\n",
       "      <td>2022-08-27</td>\n",
       "      <td>5</td>\n",
       "    </tr>\n",
       "    <tr>\n",
       "      <th>1</th>\n",
       "      <td>1</td>\n",
       "      <td>5:00 PM</td>\n",
       "      <td>Florida State</td>\n",
       "      <td>47</td>\n",
       "      <td>Duquesne</td>\n",
       "      <td>7</td>\n",
       "      <td>Florida State</td>\n",
       "      <td>Duquesne</td>\n",
       "      <td>99</td>\n",
       "      <td>99</td>\n",
       "      <td>34</td>\n",
       "      <td>49</td>\n",
       "      <td>0</td>\n",
       "      <td>99</td>\n",
       "      <td>99</td>\n",
       "      <td>2022-08-27</td>\n",
       "      <td>5</td>\n",
       "    </tr>\n",
       "    <tr>\n",
       "      <th>2</th>\n",
       "      <td>1</td>\n",
       "      <td>4:00 PM</td>\n",
       "      <td>Illinois</td>\n",
       "      <td>38</td>\n",
       "      <td>Wyoming</td>\n",
       "      <td>6</td>\n",
       "      <td>Illinois</td>\n",
       "      <td>Wyoming</td>\n",
       "      <td>99</td>\n",
       "      <td>99</td>\n",
       "      <td>42</td>\n",
       "      <td>221</td>\n",
       "      <td>0</td>\n",
       "      <td>99</td>\n",
       "      <td>99</td>\n",
       "      <td>2022-08-27</td>\n",
       "      <td>5</td>\n",
       "    </tr>\n",
       "    <tr>\n",
       "      <th>3</th>\n",
       "      <td>1</td>\n",
       "      <td>10:00 PM</td>\n",
       "      <td>Nevada</td>\n",
       "      <td>23</td>\n",
       "      <td>New Mexico State</td>\n",
       "      <td>12</td>\n",
       "      <td>Nevada</td>\n",
       "      <td>New Mexico State</td>\n",
       "      <td>99</td>\n",
       "      <td>99</td>\n",
       "      <td>76</td>\n",
       "      <td>121</td>\n",
       "      <td>1</td>\n",
       "      <td>99</td>\n",
       "      <td>99</td>\n",
       "      <td>2022-08-27</td>\n",
       "      <td>5</td>\n",
       "    </tr>\n",
       "    <tr>\n",
       "      <th>4</th>\n",
       "      <td>1</td>\n",
       "      <td>3:30 PM</td>\n",
       "      <td>Nevada-Las Vegas</td>\n",
       "      <td>52</td>\n",
       "      <td>Idaho State</td>\n",
       "      <td>21</td>\n",
       "      <td>Nevada-Las Vegas</td>\n",
       "      <td>Idaho State</td>\n",
       "      <td>99</td>\n",
       "      <td>99</td>\n",
       "      <td>74</td>\n",
       "      <td>76</td>\n",
       "      <td>0</td>\n",
       "      <td>99</td>\n",
       "      <td>99</td>\n",
       "      <td>2022-08-27</td>\n",
       "      <td>5</td>\n",
       "    </tr>\n",
       "    <tr>\n",
       "      <th>...</th>\n",
       "      <td>...</td>\n",
       "      <td>...</td>\n",
       "      <td>...</td>\n",
       "      <td>...</td>\n",
       "      <td>...</td>\n",
       "      <td>...</td>\n",
       "      <td>...</td>\n",
       "      <td>...</td>\n",
       "      <td>...</td>\n",
       "      <td>...</td>\n",
       "      <td>...</td>\n",
       "      <td>...</td>\n",
       "      <td>...</td>\n",
       "      <td>...</td>\n",
       "      <td>...</td>\n",
       "      <td>...</td>\n",
       "      <td>...</td>\n",
       "    </tr>\n",
       "    <tr>\n",
       "      <th>709</th>\n",
       "      <td>12</td>\n",
       "      <td>7:00 PM</td>\n",
       "      <td>(24) Washington</td>\n",
       "      <td>37</td>\n",
       "      <td>(6) Oregon</td>\n",
       "      <td>34</td>\n",
       "      <td>Washington</td>\n",
       "      <td>Oregon</td>\n",
       "      <td>6</td>\n",
       "      <td>24</td>\n",
       "      <td>88</td>\n",
       "      <td>210</td>\n",
       "      <td>1</td>\n",
       "      <td>24</td>\n",
       "      <td>6</td>\n",
       "      <td>2022-11-12</td>\n",
       "      <td>5</td>\n",
       "    </tr>\n",
       "    <tr>\n",
       "      <th>710</th>\n",
       "      <td>12</td>\n",
       "      <td>3:30 PM</td>\n",
       "      <td>Washington State</td>\n",
       "      <td>28</td>\n",
       "      <td>Arizona State</td>\n",
       "      <td>18</td>\n",
       "      <td>Washington State</td>\n",
       "      <td>Arizona State</td>\n",
       "      <td>99</td>\n",
       "      <td>99</td>\n",
       "      <td>126</td>\n",
       "      <td>11</td>\n",
       "      <td>0</td>\n",
       "      <td>99</td>\n",
       "      <td>99</td>\n",
       "      <td>2022-11-12</td>\n",
       "      <td>5</td>\n",
       "    </tr>\n",
       "    <tr>\n",
       "      <th>711</th>\n",
       "      <td>12</td>\n",
       "      <td>12:00 PM</td>\n",
       "      <td>West Virginia</td>\n",
       "      <td>23</td>\n",
       "      <td>Oklahoma</td>\n",
       "      <td>20</td>\n",
       "      <td>West Virginia</td>\n",
       "      <td>Oklahoma</td>\n",
       "      <td>99</td>\n",
       "      <td>99</td>\n",
       "      <td>127</td>\n",
       "      <td>143</td>\n",
       "      <td>0</td>\n",
       "      <td>99</td>\n",
       "      <td>99</td>\n",
       "      <td>2022-11-12</td>\n",
       "      <td>5</td>\n",
       "    </tr>\n",
       "    <tr>\n",
       "      <th>712</th>\n",
       "      <td>12</td>\n",
       "      <td>2:00 PM</td>\n",
       "      <td>Western Kentucky</td>\n",
       "      <td>45</td>\n",
       "      <td>Rice</td>\n",
       "      <td>10</td>\n",
       "      <td>Western Kentucky</td>\n",
       "      <td>Rice</td>\n",
       "      <td>99</td>\n",
       "      <td>99</td>\n",
       "      <td>128</td>\n",
       "      <td>153</td>\n",
       "      <td>0</td>\n",
       "      <td>99</td>\n",
       "      <td>99</td>\n",
       "      <td>2022-11-12</td>\n",
       "      <td>5</td>\n",
       "    </tr>\n",
       "    <tr>\n",
       "      <th>713</th>\n",
       "      <td>12</td>\n",
       "      <td>7:00 PM</td>\n",
       "      <td>Wyoming</td>\n",
       "      <td>14</td>\n",
       "      <td>Colorado State</td>\n",
       "      <td>13</td>\n",
       "      <td>Wyoming</td>\n",
       "      <td>Colorado State</td>\n",
       "      <td>99</td>\n",
       "      <td>99</td>\n",
       "      <td>26</td>\n",
       "      <td>221</td>\n",
       "      <td>1</td>\n",
       "      <td>99</td>\n",
       "      <td>99</td>\n",
       "      <td>2022-11-12</td>\n",
       "      <td>5</td>\n",
       "    </tr>\n",
       "  </tbody>\n",
       "</table>\n",
       "<p>714 rows × 17 columns</p>\n",
       "</div>"
      ],
      "text/plain": [
       "     Wk      Time            Winner  Pts             Loser  Pts.1  \\\n",
       "0     1   7:00 PM  Florida Atlantic   43         Charlotte     13   \n",
       "1     1   5:00 PM     Florida State   47          Duquesne      7   \n",
       "2     1   4:00 PM          Illinois   38           Wyoming      6   \n",
       "3     1  10:00 PM            Nevada   23  New Mexico State     12   \n",
       "4     1   3:30 PM  Nevada-Las Vegas   52       Idaho State     21   \n",
       "..   ..       ...               ...  ...               ...    ...   \n",
       "709  12   7:00 PM   (24) Washington   37        (6) Oregon     34   \n",
       "710  12   3:30 PM  Washington State   28     Arizona State     18   \n",
       "711  12  12:00 PM     West Virginia   23          Oklahoma     20   \n",
       "712  12   2:00 PM  Western Kentucky   45              Rice     10   \n",
       "713  12   7:00 PM           Wyoming   14    Colorado State     13   \n",
       "\n",
       "              winners            losers  home_rank  away_rank  home_team_code  \\\n",
       "0    Florida Atlantic         Charlotte         99         99              32   \n",
       "1       Florida State          Duquesne         99         99              34   \n",
       "2            Illinois           Wyoming         99         99              42   \n",
       "3              Nevada  New Mexico State         99         99              76   \n",
       "4    Nevada-Las Vegas       Idaho State         99         99              74   \n",
       "..                ...               ...        ...        ...             ...   \n",
       "709        Washington            Oregon          6         24              88   \n",
       "710  Washington State     Arizona State         99         99             126   \n",
       "711     West Virginia          Oklahoma         99         99             127   \n",
       "712  Western Kentucky              Rice         99         99             128   \n",
       "713           Wyoming    Colorado State         99         99              26   \n",
       "\n",
       "     away_team_code  home_results  win_rank  lose_rank       dates  day_code  \n",
       "0                37             0        99         99  2022-08-27         5  \n",
       "1                49             0        99         99  2022-08-27         5  \n",
       "2               221             0        99         99  2022-08-27         5  \n",
       "3               121             1        99         99  2022-08-27         5  \n",
       "4                76             0        99         99  2022-08-27         5  \n",
       "..              ...           ...       ...        ...         ...       ...  \n",
       "709             210             1        24          6  2022-11-12         5  \n",
       "710              11             0        99         99  2022-11-12         5  \n",
       "711             143             0        99         99  2022-11-12         5  \n",
       "712             153             0        99         99  2022-11-12         5  \n",
       "713             221             1        99         99  2022-11-12         5  \n",
       "\n",
       "[714 rows x 17 columns]"
      ]
     },
     "execution_count": 84,
     "metadata": {},
     "output_type": "execute_result"
    }
   ],
   "source": [
    "df"
   ]
  },
  {
   "cell_type": "code",
   "execution_count": 85,
   "metadata": {},
   "outputs": [
    {
     "data": {
      "text/html": [
       "<div>\n",
       "<style scoped>\n",
       "    .dataframe tbody tr th:only-of-type {\n",
       "        vertical-align: middle;\n",
       "    }\n",
       "\n",
       "    .dataframe tbody tr th {\n",
       "        vertical-align: top;\n",
       "    }\n",
       "\n",
       "    .dataframe thead th {\n",
       "        text-align: right;\n",
       "    }\n",
       "</style>\n",
       "<table border=\"1\" class=\"dataframe\">\n",
       "  <thead>\n",
       "    <tr style=\"text-align: right;\">\n",
       "      <th></th>\n",
       "      <th>Wk</th>\n",
       "      <th>Pts</th>\n",
       "      <th>Pts.1</th>\n",
       "      <th>home_rank</th>\n",
       "      <th>away_rank</th>\n",
       "      <th>home_team_code</th>\n",
       "      <th>away_team_code</th>\n",
       "      <th>home_results</th>\n",
       "      <th>win_rank</th>\n",
       "      <th>lose_rank</th>\n",
       "      <th>day_code</th>\n",
       "    </tr>\n",
       "  </thead>\n",
       "  <tbody>\n",
       "    <tr>\n",
       "      <th>Wk</th>\n",
       "      <td>1.000000</td>\n",
       "      <td>-0.208604</td>\n",
       "      <td>0.095573</td>\n",
       "      <td>0.017492</td>\n",
       "      <td>-0.130902</td>\n",
       "      <td>0.003420</td>\n",
       "      <td>0.007694</td>\n",
       "      <td>0.130839</td>\n",
       "      <td>-0.016071</td>\n",
       "      <td>-0.101917</td>\n",
       "      <td>-0.057348</td>\n",
       "    </tr>\n",
       "    <tr>\n",
       "      <th>Pts</th>\n",
       "      <td>-0.208604</td>\n",
       "      <td>1.000000</td>\n",
       "      <td>0.162063</td>\n",
       "      <td>-0.119664</td>\n",
       "      <td>0.023002</td>\n",
       "      <td>0.045547</td>\n",
       "      <td>-0.037684</td>\n",
       "      <td>-0.122897</td>\n",
       "      <td>-0.132144</td>\n",
       "      <td>0.060833</td>\n",
       "      <td>0.033827</td>\n",
       "    </tr>\n",
       "    <tr>\n",
       "      <th>Pts.1</th>\n",
       "      <td>0.095573</td>\n",
       "      <td>0.162063</td>\n",
       "      <td>1.000000</td>\n",
       "      <td>0.011607</td>\n",
       "      <td>-0.141262</td>\n",
       "      <td>0.012935</td>\n",
       "      <td>-0.029074</td>\n",
       "      <td>0.116521</td>\n",
       "      <td>0.011447</td>\n",
       "      <td>-0.162179</td>\n",
       "      <td>-0.007105</td>\n",
       "    </tr>\n",
       "    <tr>\n",
       "      <th>home_rank</th>\n",
       "      <td>0.017492</td>\n",
       "      <td>-0.119664</td>\n",
       "      <td>0.011607</td>\n",
       "      <td>1.000000</td>\n",
       "      <td>0.170917</td>\n",
       "      <td>-0.091350</td>\n",
       "      <td>-0.029777</td>\n",
       "      <td>0.175779</td>\n",
       "      <td>0.751744</td>\n",
       "      <td>0.427580</td>\n",
       "      <td>-0.091570</td>\n",
       "    </tr>\n",
       "    <tr>\n",
       "      <th>away_rank</th>\n",
       "      <td>-0.130902</td>\n",
       "      <td>0.023002</td>\n",
       "      <td>-0.141262</td>\n",
       "      <td>0.170917</td>\n",
       "      <td>1.000000</td>\n",
       "      <td>-0.033110</td>\n",
       "      <td>-0.036549</td>\n",
       "      <td>-0.132347</td>\n",
       "      <td>0.543810</td>\n",
       "      <td>0.590066</td>\n",
       "      <td>-0.066931</td>\n",
       "    </tr>\n",
       "    <tr>\n",
       "      <th>home_team_code</th>\n",
       "      <td>0.003420</td>\n",
       "      <td>0.045547</td>\n",
       "      <td>0.012935</td>\n",
       "      <td>-0.091350</td>\n",
       "      <td>-0.033110</td>\n",
       "      <td>1.000000</td>\n",
       "      <td>0.004461</td>\n",
       "      <td>-0.035658</td>\n",
       "      <td>-0.070783</td>\n",
       "      <td>-0.063356</td>\n",
       "      <td>0.038084</td>\n",
       "    </tr>\n",
       "    <tr>\n",
       "      <th>away_team_code</th>\n",
       "      <td>0.007694</td>\n",
       "      <td>-0.037684</td>\n",
       "      <td>-0.029074</td>\n",
       "      <td>-0.029777</td>\n",
       "      <td>-0.036549</td>\n",
       "      <td>0.004461</td>\n",
       "      <td>1.000000</td>\n",
       "      <td>0.162338</td>\n",
       "      <td>-0.052671</td>\n",
       "      <td>-0.061501</td>\n",
       "      <td>0.043094</td>\n",
       "    </tr>\n",
       "    <tr>\n",
       "      <th>home_results</th>\n",
       "      <td>0.130839</td>\n",
       "      <td>-0.122897</td>\n",
       "      <td>0.116521</td>\n",
       "      <td>0.175779</td>\n",
       "      <td>-0.132347</td>\n",
       "      <td>-0.035658</td>\n",
       "      <td>0.162338</td>\n",
       "      <td>1.000000</td>\n",
       "      <td>-0.003972</td>\n",
       "      <td>-0.060757</td>\n",
       "      <td>0.020464</td>\n",
       "    </tr>\n",
       "    <tr>\n",
       "      <th>win_rank</th>\n",
       "      <td>-0.016071</td>\n",
       "      <td>-0.132144</td>\n",
       "      <td>0.011447</td>\n",
       "      <td>0.751744</td>\n",
       "      <td>0.543810</td>\n",
       "      <td>-0.070783</td>\n",
       "      <td>-0.052671</td>\n",
       "      <td>-0.003972</td>\n",
       "      <td>1.000000</td>\n",
       "      <td>0.229245</td>\n",
       "      <td>-0.083272</td>\n",
       "    </tr>\n",
       "    <tr>\n",
       "      <th>lose_rank</th>\n",
       "      <td>-0.101917</td>\n",
       "      <td>0.060833</td>\n",
       "      <td>-0.162179</td>\n",
       "      <td>0.427580</td>\n",
       "      <td>0.590066</td>\n",
       "      <td>-0.063356</td>\n",
       "      <td>-0.061501</td>\n",
       "      <td>-0.060757</td>\n",
       "      <td>0.229245</td>\n",
       "      <td>1.000000</td>\n",
       "      <td>-0.089608</td>\n",
       "    </tr>\n",
       "    <tr>\n",
       "      <th>day_code</th>\n",
       "      <td>-0.057348</td>\n",
       "      <td>0.033827</td>\n",
       "      <td>-0.007105</td>\n",
       "      <td>-0.091570</td>\n",
       "      <td>-0.066931</td>\n",
       "      <td>0.038084</td>\n",
       "      <td>0.043094</td>\n",
       "      <td>0.020464</td>\n",
       "      <td>-0.083272</td>\n",
       "      <td>-0.089608</td>\n",
       "      <td>1.000000</td>\n",
       "    </tr>\n",
       "  </tbody>\n",
       "</table>\n",
       "</div>"
      ],
      "text/plain": [
       "                      Wk       Pts     Pts.1  home_rank  away_rank  \\\n",
       "Wk              1.000000 -0.208604  0.095573   0.017492  -0.130902   \n",
       "Pts            -0.208604  1.000000  0.162063  -0.119664   0.023002   \n",
       "Pts.1           0.095573  0.162063  1.000000   0.011607  -0.141262   \n",
       "home_rank       0.017492 -0.119664  0.011607   1.000000   0.170917   \n",
       "away_rank      -0.130902  0.023002 -0.141262   0.170917   1.000000   \n",
       "home_team_code  0.003420  0.045547  0.012935  -0.091350  -0.033110   \n",
       "away_team_code  0.007694 -0.037684 -0.029074  -0.029777  -0.036549   \n",
       "home_results    0.130839 -0.122897  0.116521   0.175779  -0.132347   \n",
       "win_rank       -0.016071 -0.132144  0.011447   0.751744   0.543810   \n",
       "lose_rank      -0.101917  0.060833 -0.162179   0.427580   0.590066   \n",
       "day_code       -0.057348  0.033827 -0.007105  -0.091570  -0.066931   \n",
       "\n",
       "                home_team_code  away_team_code  home_results  win_rank  \\\n",
       "Wk                    0.003420        0.007694      0.130839 -0.016071   \n",
       "Pts                   0.045547       -0.037684     -0.122897 -0.132144   \n",
       "Pts.1                 0.012935       -0.029074      0.116521  0.011447   \n",
       "home_rank            -0.091350       -0.029777      0.175779  0.751744   \n",
       "away_rank            -0.033110       -0.036549     -0.132347  0.543810   \n",
       "home_team_code        1.000000        0.004461     -0.035658 -0.070783   \n",
       "away_team_code        0.004461        1.000000      0.162338 -0.052671   \n",
       "home_results         -0.035658        0.162338      1.000000 -0.003972   \n",
       "win_rank             -0.070783       -0.052671     -0.003972  1.000000   \n",
       "lose_rank            -0.063356       -0.061501     -0.060757  0.229245   \n",
       "day_code              0.038084        0.043094      0.020464 -0.083272   \n",
       "\n",
       "                lose_rank  day_code  \n",
       "Wk              -0.101917 -0.057348  \n",
       "Pts              0.060833  0.033827  \n",
       "Pts.1           -0.162179 -0.007105  \n",
       "home_rank        0.427580 -0.091570  \n",
       "away_rank        0.590066 -0.066931  \n",
       "home_team_code  -0.063356  0.038084  \n",
       "away_team_code  -0.061501  0.043094  \n",
       "home_results    -0.060757  0.020464  \n",
       "win_rank         0.229245 -0.083272  \n",
       "lose_rank        1.000000 -0.089608  \n",
       "day_code        -0.089608  1.000000  "
      ]
     },
     "execution_count": 85,
     "metadata": {},
     "output_type": "execute_result"
    }
   ],
   "source": [
    "df.corr()"
   ]
  },
  {
   "cell_type": "code",
   "execution_count": 86,
   "metadata": {},
   "outputs": [
    {
     "data": {
      "text/html": [
       "<div>\n",
       "<style scoped>\n",
       "    .dataframe tbody tr th:only-of-type {\n",
       "        vertical-align: middle;\n",
       "    }\n",
       "\n",
       "    .dataframe tbody tr th {\n",
       "        vertical-align: top;\n",
       "    }\n",
       "\n",
       "    .dataframe thead th {\n",
       "        text-align: right;\n",
       "    }\n",
       "</style>\n",
       "<table border=\"1\" class=\"dataframe\">\n",
       "  <thead>\n",
       "    <tr style=\"text-align: right;\">\n",
       "      <th></th>\n",
       "      <th>Wk</th>\n",
       "      <th>Pts</th>\n",
       "      <th>Pts.1</th>\n",
       "      <th>home_rank</th>\n",
       "      <th>away_rank</th>\n",
       "      <th>home_team_code</th>\n",
       "      <th>away_team_code</th>\n",
       "      <th>home_results</th>\n",
       "      <th>win_rank</th>\n",
       "      <th>lose_rank</th>\n",
       "      <th>day_code</th>\n",
       "    </tr>\n",
       "  </thead>\n",
       "  <tbody>\n",
       "    <tr>\n",
       "      <th>Wk</th>\n",
       "      <td>11.041278</td>\n",
       "      <td>-8.572065</td>\n",
       "      <td>3.296950</td>\n",
       "      <td>2.015235</td>\n",
       "      <td>-13.111212</td>\n",
       "      <td>0.432995</td>\n",
       "      <td>1.663724</td>\n",
       "      <td>0.253499</td>\n",
       "      <td>-2.017463</td>\n",
       "      <td>-8.710392</td>\n",
       "      <td>-0.127052</td>\n",
       "    </tr>\n",
       "    <tr>\n",
       "      <th>Pts</th>\n",
       "      <td>-8.572065</td>\n",
       "      <td>152.934600</td>\n",
       "      <td>20.806711</td>\n",
       "      <td>-51.309428</td>\n",
       "      <td>8.574340</td>\n",
       "      <td>21.460488</td>\n",
       "      <td>-30.326352</td>\n",
       "      <td>-0.886183</td>\n",
       "      <td>-61.740050</td>\n",
       "      <td>19.349653</td>\n",
       "      <td>0.278914</td>\n",
       "    </tr>\n",
       "    <tr>\n",
       "      <th>Pts.1</th>\n",
       "      <td>3.296950</td>\n",
       "      <td>20.806711</td>\n",
       "      <td>107.778765</td>\n",
       "      <td>4.178152</td>\n",
       "      <td>-44.205818</td>\n",
       "      <td>5.116172</td>\n",
       "      <td>-19.642138</td>\n",
       "      <td>0.705342</td>\n",
       "      <td>4.489956</td>\n",
       "      <td>-43.305304</td>\n",
       "      <td>-0.049183</td>\n",
       "    </tr>\n",
       "    <tr>\n",
       "      <th>home_rank</th>\n",
       "      <td>2.015235</td>\n",
       "      <td>-51.309428</td>\n",
       "      <td>4.178152</td>\n",
       "      <td>1202.153492</td>\n",
       "      <td>178.629309</td>\n",
       "      <td>-120.673581</td>\n",
       "      <td>-67.185675</td>\n",
       "      <td>3.553683</td>\n",
       "      <td>984.725844</td>\n",
       "      <td>381.309329</td>\n",
       "      <td>-2.116857</td>\n",
       "    </tr>\n",
       "    <tr>\n",
       "      <th>away_rank</th>\n",
       "      <td>-13.111212</td>\n",
       "      <td>8.574340</td>\n",
       "      <td>-44.205818</td>\n",
       "      <td>178.629309</td>\n",
       "      <td>908.602520</td>\n",
       "      <td>-38.024491</td>\n",
       "      <td>-71.692635</td>\n",
       "      <td>-2.326116</td>\n",
       "      <td>619.298632</td>\n",
       "      <td>457.475397</td>\n",
       "      <td>-1.345151</td>\n",
       "    </tr>\n",
       "    <tr>\n",
       "      <th>home_team_code</th>\n",
       "      <td>0.432995</td>\n",
       "      <td>21.460488</td>\n",
       "      <td>5.116172</td>\n",
       "      <td>-120.673581</td>\n",
       "      <td>-38.024491</td>\n",
       "      <td>1451.597638</td>\n",
       "      <td>11.059324</td>\n",
       "      <td>-0.792153</td>\n",
       "      <td>-101.886722</td>\n",
       "      <td>-62.085709</td>\n",
       "      <td>0.967447</td>\n",
       "    </tr>\n",
       "    <tr>\n",
       "      <th>away_team_code</th>\n",
       "      <td>1.663724</td>\n",
       "      <td>-30.326352</td>\n",
       "      <td>-19.642138</td>\n",
       "      <td>-67.185675</td>\n",
       "      <td>-71.692635</td>\n",
       "      <td>11.059324</td>\n",
       "      <td>4234.776568</td>\n",
       "      <td>6.159811</td>\n",
       "      <td>-129.495928</td>\n",
       "      <td>-102.939143</td>\n",
       "      <td>1.869789</td>\n",
       "    </tr>\n",
       "    <tr>\n",
       "      <th>home_results</th>\n",
       "      <td>0.253499</td>\n",
       "      <td>-0.886183</td>\n",
       "      <td>0.705342</td>\n",
       "      <td>3.553683</td>\n",
       "      <td>-2.326116</td>\n",
       "      <td>-0.792153</td>\n",
       "      <td>6.159811</td>\n",
       "      <td>0.339986</td>\n",
       "      <td>-0.087503</td>\n",
       "      <td>-0.911191</td>\n",
       "      <td>0.007955</td>\n",
       "    </tr>\n",
       "    <tr>\n",
       "      <th>win_rank</th>\n",
       "      <td>-2.017463</td>\n",
       "      <td>-61.740050</td>\n",
       "      <td>4.489956</td>\n",
       "      <td>984.725844</td>\n",
       "      <td>619.298632</td>\n",
       "      <td>-101.886722</td>\n",
       "      <td>-129.495928</td>\n",
       "      <td>-0.087503</td>\n",
       "      <td>1427.352686</td>\n",
       "      <td>222.764686</td>\n",
       "      <td>-2.097587</td>\n",
       "    </tr>\n",
       "    <tr>\n",
       "      <th>lose_rank</th>\n",
       "      <td>-8.710392</td>\n",
       "      <td>19.349653</td>\n",
       "      <td>-43.305304</td>\n",
       "      <td>381.309329</td>\n",
       "      <td>457.475397</td>\n",
       "      <td>-62.085709</td>\n",
       "      <td>-102.939143</td>\n",
       "      <td>-0.911191</td>\n",
       "      <td>222.764686</td>\n",
       "      <td>661.545780</td>\n",
       "      <td>-1.536684</td>\n",
       "    </tr>\n",
       "    <tr>\n",
       "      <th>day_code</th>\n",
       "      <td>-0.127052</td>\n",
       "      <td>0.278914</td>\n",
       "      <td>-0.049183</td>\n",
       "      <td>-2.116857</td>\n",
       "      <td>-1.345151</td>\n",
       "      <td>0.967447</td>\n",
       "      <td>1.869789</td>\n",
       "      <td>0.007955</td>\n",
       "      <td>-2.097587</td>\n",
       "      <td>-1.536684</td>\n",
       "      <td>0.444541</td>\n",
       "    </tr>\n",
       "  </tbody>\n",
       "</table>\n",
       "</div>"
      ],
      "text/plain": [
       "                       Wk         Pts       Pts.1    home_rank   away_rank  \\\n",
       "Wk              11.041278   -8.572065    3.296950     2.015235  -13.111212   \n",
       "Pts             -8.572065  152.934600   20.806711   -51.309428    8.574340   \n",
       "Pts.1            3.296950   20.806711  107.778765     4.178152  -44.205818   \n",
       "home_rank        2.015235  -51.309428    4.178152  1202.153492  178.629309   \n",
       "away_rank      -13.111212    8.574340  -44.205818   178.629309  908.602520   \n",
       "home_team_code   0.432995   21.460488    5.116172  -120.673581  -38.024491   \n",
       "away_team_code   1.663724  -30.326352  -19.642138   -67.185675  -71.692635   \n",
       "home_results     0.253499   -0.886183    0.705342     3.553683   -2.326116   \n",
       "win_rank        -2.017463  -61.740050    4.489956   984.725844  619.298632   \n",
       "lose_rank       -8.710392   19.349653  -43.305304   381.309329  457.475397   \n",
       "day_code        -0.127052    0.278914   -0.049183    -2.116857   -1.345151   \n",
       "\n",
       "                home_team_code  away_team_code  home_results     win_rank  \\\n",
       "Wk                    0.432995        1.663724      0.253499    -2.017463   \n",
       "Pts                  21.460488      -30.326352     -0.886183   -61.740050   \n",
       "Pts.1                 5.116172      -19.642138      0.705342     4.489956   \n",
       "home_rank          -120.673581      -67.185675      3.553683   984.725844   \n",
       "away_rank           -38.024491      -71.692635     -2.326116   619.298632   \n",
       "home_team_code     1451.597638       11.059324     -0.792153  -101.886722   \n",
       "away_team_code       11.059324     4234.776568      6.159811  -129.495928   \n",
       "home_results         -0.792153        6.159811      0.339986    -0.087503   \n",
       "win_rank           -101.886722     -129.495928     -0.087503  1427.352686   \n",
       "lose_rank           -62.085709     -102.939143     -0.911191   222.764686   \n",
       "day_code              0.967447        1.869789      0.007955    -2.097587   \n",
       "\n",
       "                 lose_rank  day_code  \n",
       "Wk               -8.710392 -0.127052  \n",
       "Pts              19.349653  0.278914  \n",
       "Pts.1           -43.305304 -0.049183  \n",
       "home_rank       381.309329 -2.116857  \n",
       "away_rank       457.475397 -1.345151  \n",
       "home_team_code  -62.085709  0.967447  \n",
       "away_team_code -102.939143  1.869789  \n",
       "home_results     -0.911191  0.007955  \n",
       "win_rank        222.764686 -2.097587  \n",
       "lose_rank       661.545780 -1.536684  \n",
       "day_code         -1.536684  0.444541  "
      ]
     },
     "execution_count": 86,
     "metadata": {},
     "output_type": "execute_result"
    }
   ],
   "source": [
    "df.cov()"
   ]
  },
  {
   "cell_type": "code",
   "execution_count": 89,
   "metadata": {},
   "outputs": [
    {
     "data": {
      "text/html": [
       "<style type=\"text/css\">\n",
       "#T_ea909_row0_col0, #T_ea909_row1_col1, #T_ea909_row2_col2, #T_ea909_row3_col3, #T_ea909_row4_col4, #T_ea909_row5_col5, #T_ea909_row6_col6, #T_ea909_row6_col7, #T_ea909_row6_col10, #T_ea909_row8_col8, #T_ea909_row9_col9 {\n",
       "  background-color: #b40426;\n",
       "  color: #f1f1f1;\n",
       "}\n",
       "#T_ea909_row0_col1 {\n",
       "  background-color: #8caffe;\n",
       "  color: #000000;\n",
       "}\n",
       "#T_ea909_row0_col2, #T_ea909_row7_col7 {\n",
       "  background-color: #a3c2fe;\n",
       "  color: #000000;\n",
       "}\n",
       "#T_ea909_row0_col3, #T_ea909_row1_col5 {\n",
       "  background-color: #5673e0;\n",
       "  color: #f1f1f1;\n",
       "}\n",
       "#T_ea909_row0_col4 {\n",
       "  background-color: #4c66d6;\n",
       "  color: #f1f1f1;\n",
       "}\n",
       "#T_ea909_row0_col5, #T_ea909_row2_col9, #T_ea909_row7_col5, #T_ea909_row10_col5 {\n",
       "  background-color: #516ddb;\n",
       "  color: #f1f1f1;\n",
       "}\n",
       "#T_ea909_row0_col6, #T_ea909_row2_col4, #T_ea909_row7_col6, #T_ea909_row10_col6 {\n",
       "  background-color: #4358cb;\n",
       "  color: #f1f1f1;\n",
       "}\n",
       "#T_ea909_row0_col7 {\n",
       "  background-color: #9fbfff;\n",
       "  color: #000000;\n",
       "}\n",
       "#T_ea909_row0_col8, #T_ea909_row1_col4, #T_ea909_row2_col5, #T_ea909_row10_col8 {\n",
       "  background-color: #536edd;\n",
       "  color: #f1f1f1;\n",
       "}\n",
       "#T_ea909_row0_col9 {\n",
       "  background-color: #6180e9;\n",
       "  color: #f1f1f1;\n",
       "}\n",
       "#T_ea909_row0_col10 {\n",
       "  background-color: #dcdddd;\n",
       "  color: #000000;\n",
       "}\n",
       "#T_ea909_row1_col0 {\n",
       "  background-color: #779af7;\n",
       "  color: #f1f1f1;\n",
       "}\n",
       "#T_ea909_row1_col2, #T_ea909_row8_col9 {\n",
       "  background-color: #c9d7f0;\n",
       "  color: #000000;\n",
       "}\n",
       "#T_ea909_row1_col3, #T_ea909_row4_col5, #T_ea909_row5_col9 {\n",
       "  background-color: #4a63d3;\n",
       "  color: #f1f1f1;\n",
       "}\n",
       "#T_ea909_row1_col6 {\n",
       "  background-color: #4055c8;\n",
       "  color: #f1f1f1;\n",
       "}\n",
       "#T_ea909_row1_col7 {\n",
       "  background-color: #7093f3;\n",
       "  color: #f1f1f1;\n",
       "}\n",
       "#T_ea909_row1_col8 {\n",
       "  background-color: #485fd1;\n",
       "  color: #f1f1f1;\n",
       "}\n",
       "#T_ea909_row1_col9 {\n",
       "  background-color: #6c8ff1;\n",
       "  color: #f1f1f1;\n",
       "}\n",
       "#T_ea909_row1_col10 {\n",
       "  background-color: #f2cbb7;\n",
       "  color: #000000;\n",
       "}\n",
       "#T_ea909_row2_col0 {\n",
       "  background-color: #f7b497;\n",
       "  color: #000000;\n",
       "}\n",
       "#T_ea909_row2_col1 {\n",
       "  background-color: #bbd1f8;\n",
       "  color: #000000;\n",
       "}\n",
       "#T_ea909_row2_col3, #T_ea909_row7_col3 {\n",
       "  background-color: #5875e1;\n",
       "  color: #f1f1f1;\n",
       "}\n",
       "#T_ea909_row2_col6 {\n",
       "  background-color: #4257c9;\n",
       "  color: #f1f1f1;\n",
       "}\n",
       "#T_ea909_row2_col7 {\n",
       "  background-color: #b2ccfb;\n",
       "  color: #000000;\n",
       "}\n",
       "#T_ea909_row2_col8, #T_ea909_row10_col3 {\n",
       "  background-color: #5572df;\n",
       "  color: #f1f1f1;\n",
       "}\n",
       "#T_ea909_row2_col10 {\n",
       "  background-color: #e1dad6;\n",
       "  color: #000000;\n",
       "}\n",
       "#T_ea909_row3_col0 {\n",
       "  background-color: #f5c4ac;\n",
       "  color: #000000;\n",
       "}\n",
       "#T_ea909_row3_col1 {\n",
       "  background-color: #4961d2;\n",
       "  color: #f1f1f1;\n",
       "}\n",
       "#T_ea909_row3_col2 {\n",
       "  background-color: #a5c3fe;\n",
       "  color: #000000;\n",
       "}\n",
       "#T_ea909_row3_col4 {\n",
       "  background-color: #8fb1fe;\n",
       "  color: #000000;\n",
       "}\n",
       "#T_ea909_row3_col5, #T_ea909_row3_col10, #T_ea909_row4_col0, #T_ea909_row4_col2, #T_ea909_row4_col7, #T_ea909_row5_col3, #T_ea909_row6_col4, #T_ea909_row6_col8, #T_ea909_row6_col9, #T_ea909_row8_col1, #T_ea909_row8_col6 {\n",
       "  background-color: #3b4cc0;\n",
       "  color: #f1f1f1;\n",
       "}\n",
       "#T_ea909_row3_col6, #T_ea909_row4_col6, #T_ea909_row8_col5 {\n",
       "  background-color: #3e51c5;\n",
       "  color: #f1f1f1;\n",
       "}\n",
       "#T_ea909_row3_col7 {\n",
       "  background-color: #f7af91;\n",
       "  color: #000000;\n",
       "}\n",
       "#T_ea909_row3_col8 {\n",
       "  background-color: #f7a688;\n",
       "  color: #000000;\n",
       "}\n",
       "#T_ea909_row3_col9 {\n",
       "  background-color: #f5c1a9;\n",
       "  color: #000000;\n",
       "}\n",
       "#T_ea909_row4_col1, #T_ea909_row5_col2 {\n",
       "  background-color: #a7c5fe;\n",
       "  color: #000000;\n",
       "}\n",
       "#T_ea909_row4_col3, #T_ea909_row9_col8 {\n",
       "  background-color: #84a7fc;\n",
       "  color: #f1f1f1;\n",
       "}\n",
       "#T_ea909_row4_col8 {\n",
       "  background-color: #d8dce2;\n",
       "  color: #000000;\n",
       "}\n",
       "#T_ea909_row4_col9 {\n",
       "  background-color: #f5a081;\n",
       "  color: #000000;\n",
       "}\n",
       "#T_ea909_row4_col10 {\n",
       "  background-color: #799cf8;\n",
       "  color: #f1f1f1;\n",
       "}\n",
       "#T_ea909_row5_col0 {\n",
       "  background-color: #ebd3c6;\n",
       "  color: #000000;\n",
       "}\n",
       "#T_ea909_row5_col1 {\n",
       "  background-color: #bcd2f7;\n",
       "  color: #000000;\n",
       "}\n",
       "#T_ea909_row5_col4, #T_ea909_row5_col6 {\n",
       "  background-color: #445acc;\n",
       "  color: #f1f1f1;\n",
       "}\n",
       "#T_ea909_row5_col7, #T_ea909_row9_col0 {\n",
       "  background-color: #7597f6;\n",
       "  color: #f1f1f1;\n",
       "}\n",
       "#T_ea909_row5_col8 {\n",
       "  background-color: #3f53c6;\n",
       "  color: #f1f1f1;\n",
       "}\n",
       "#T_ea909_row5_col10 {\n",
       "  background-color: #f18f71;\n",
       "  color: #f1f1f1;\n",
       "}\n",
       "#T_ea909_row6_col0 {\n",
       "  background-color: #f3c8b2;\n",
       "  color: #000000;\n",
       "}\n",
       "#T_ea909_row6_col1, #T_ea909_row9_col10 {\n",
       "  background-color: #688aef;\n",
       "  color: #f1f1f1;\n",
       "}\n",
       "#T_ea909_row6_col2 {\n",
       "  background-color: #6e90f2;\n",
       "  color: #f1f1f1;\n",
       "}\n",
       "#T_ea909_row6_col3 {\n",
       "  background-color: #465ecf;\n",
       "  color: #f1f1f1;\n",
       "}\n",
       "#T_ea909_row6_col5, #T_ea909_row7_col8 {\n",
       "  background-color: #5470de;\n",
       "  color: #f1f1f1;\n",
       "}\n",
       "#T_ea909_row7_col0 {\n",
       "  background-color: #ead5c9;\n",
       "  color: #000000;\n",
       "}\n",
       "#T_ea909_row7_col1 {\n",
       "  background-color: #98b9ff;\n",
       "  color: #000000;\n",
       "}\n",
       "#T_ea909_row7_col2 {\n",
       "  background-color: #9dbdff;\n",
       "  color: #000000;\n",
       "}\n",
       "#T_ea909_row7_col4, #T_ea909_row10_col4 {\n",
       "  background-color: #506bda;\n",
       "  color: #f1f1f1;\n",
       "}\n",
       "#T_ea909_row7_col9 {\n",
       "  background-color: #6485ec;\n",
       "  color: #f1f1f1;\n",
       "}\n",
       "#T_ea909_row7_col10 {\n",
       "  background-color: #e5d8d1;\n",
       "  color: #000000;\n",
       "}\n",
       "#T_ea909_row8_col0 {\n",
       "  background-color: #d2dbe8;\n",
       "  color: #000000;\n",
       "}\n",
       "#T_ea909_row8_col2 {\n",
       "  background-color: #a6c4fe;\n",
       "  color: #000000;\n",
       "}\n",
       "#T_ea909_row8_col3 {\n",
       "  background-color: #e7745b;\n",
       "  color: #f1f1f1;\n",
       "}\n",
       "#T_ea909_row8_col4 {\n",
       "  background-color: #f7aa8c;\n",
       "  color: #000000;\n",
       "}\n",
       "#T_ea909_row8_col7 {\n",
       "  background-color: #92b4fe;\n",
       "  color: #000000;\n",
